#    Nx=32    Ny=32    X0=1.0898    dX=0.0561    Y0=30.9585    dY=3.171
#    x            y            z
    1.089800    30.958500    17.600000
    1.145900    30.958500    17.600000
    1.202000    30.958500    17.600000
    1.258100    30.958500    17.600000
    1.314200    30.958500    17.600000
    1.370300    30.958500    17.600000
    1.426400    30.958500    17.600000
    1.482500    30.958500    17.600000
    1.538600    30.958500    17.600000
    1.594700    30.958500    17.600000
    1.650800    30.958500    17.600000
    1.706900    30.958500    17.600000
    1.763000    30.958500    17.600000
    1.819100    30.958500    17.600000
    1.875200    30.958500    17.600000
    1.931300    30.958500    17.600000
    1.987400    30.958500    17.600000
    2.043500    30.958500    17.600000
    2.099600    30.958500    17.600000
    2.155700    30.958500    17.600000
    2.211800    30.958500    17.600000
    2.267900    30.958500    17.600000
    2.324000    30.958500    17.600000
    2.380100    30.958500    17.600000
    2.436200    30.958500    16.600000
    2.492300    30.958500    17.600000
    2.548400    30.958500    17.600000
    2.604500    30.958500    16.600000
    2.660600    30.958500    17.600000
    2.716700    30.958500    17.600000
    2.772800    30.958500    17.600000
    2.828900    30.958500    17.600000

    1.089800    34.129500    17.600000
    1.145900    34.129500    17.600000
    1.202000    34.129500    17.600000
    1.258100    34.129500    17.600000
    1.314200    34.129500    17.600000
    1.370300    34.129500    17.600000
    1.426400    34.129500    17.600000
    1.482500    34.129500    17.600000
    1.538600    34.129500    17.600000
    1.594700    34.129500    17.600000
    1.650800    34.129500    17.600000
    1.706900    34.129500    17.600000
    1.763000    34.129500    17.600000
    1.819100    34.129500    16.600000
    1.875200    34.129500    17.600000
    1.931300    34.129500    17.600000
    1.987400    34.129500    17.600000
    2.043500    34.129500    17.600000
    2.099600    34.129500    16.600000
    2.155700    34.129500    17.600000
    2.211800    34.129500    17.600000
    2.267900    34.129500    15.000000
    2.324000    34.129500    16.600000
    2.380100    34.129500    13.900000
    2.436200    34.129500    16.600000
    2.492300    34.129500    15.000000
    2.548400    34.129500    16.600000
    2.604500    34.129500    17.600000
    2.660600    34.129500    17.600000
    2.716700    34.129500    17.600000
    2.772800    34.129500    17.600000
    2.828900    34.129500    17.600000

    1.089800    37.300500    17.600000
    1.145900    37.300500    17.600000
    1.202000    37.300500    17.600000
    1.258100    37.300500    17.600000
    1.314200    37.300500    17.600000
    1.370300    37.300500    17.600000
    1.426400    37.300500    17.600000
    1.482500    37.300500    17.600000
    1.538600    37.300500    17.600000
    1.594700    37.300500    17.600000
    1.650800    37.300500    17.600000
    1.706900    37.300500    17.600000
    1.763000    37.300500    16.600000
    1.819100    37.300500    17.600000
    1.875200    37.300500    15.000000
    1.931300    37.300500    13.900000
    1.987400    37.300500    16.600000
    2.043500    37.300500    16.600000
    2.099600    37.300500    16.600000
    2.155700    37.300500    17.600000
    2.211800    37.300500    13.900000
    2.267900    37.300500    16.600000
    2.324000    37.300500    13.200000
    2.380100    37.300500    15.000000
    2.436200    37.300500    13.900000
    2.492300    37.300500    13.900000
    2.548400    37.300500    13.900000
    2.604500    37.300500    16.600000
    2.660600    37.300500    17.600000
    2.716700    37.300500    17.600000
    2.772800    37.300500    17.600000
    2.828900    37.300500    17.600000

    1.089800    40.471500    17.600000
    1.145900    40.471500    17.600000
    1.202000    40.471500    17.600000
    1.258100    40.471500    17.600000
    1.314200    40.471500    17.600000
    1.370300    40.471500    17.600000
    1.426400    40.471500    17.600000
    1.482500    40.471500    17.600000
    1.538600    40.471500    17.600000
    1.594700    40.471500    17.600000
    1.650800    40.471500    17.600000
    1.706900    40.471500    17.600000
    1.763000    40.471500    17.600000
    1.819100    40.471500    17.600000
    1.875200    40.471500    16.600000
    1.931300    40.471500    17.600000
    1.987400    40.471500    17.600000
    2.043500    40.471500    16.600000
    2.099600    40.471500    15.000000
    2.155700    40.471500    15.000000
    2.211800    40.471500    16.600000
    2.267900    40.471500    16.600000
    2.324000    40.471500    13.200000
    2.380100    40.471500    13.900000
    2.436200    40.471500    11.800000
    2.492300    40.471500    15.000000
    2.548400    40.471500    16.600000
    2.604500    40.471500    17.600000
    2.660600    40.471500    17.600000
    2.716700    40.471500    17.600000
    2.772800    40.471500    17.600000
    2.828900    40.471500    17.600000

    1.089800    43.642500    17.600000
    1.145900    43.642500    17.600000
    1.202000    43.642500    17.600000
    1.258100    43.642500    17.600000
    1.314200    43.642500    17.600000
    1.370300    43.642500    17.600000
    1.426400    43.642500    17.600000
    1.482500    43.642500    17.600000
    1.538600    43.642500    17.600000
    1.594700    43.642500    17.600000
    1.650800    43.642500    17.600000
    1.706900    43.642500    17.600000
    1.763000    43.642500    17.600000
    1.819100    43.642500    17.600000
    1.875200    43.642500    16.600000
    1.931300    43.642500    17.600000
    1.987400    43.642500    17.600000
    2.043500    43.642500    13.900000
    2.099600    43.642500    15.000000
    2.155700    43.642500    16.600000
    2.211800    43.642500    13.900000
    2.267900    43.642500    13.200000
    2.324000    43.642500    13.900000
    2.380100    43.642500    11.800000
    2.436200    43.642500    10.900000
    2.492300    43.642500    17.600000
    2.548400    43.642500    16.600000
    2.604500    43.642500    13.900000
    2.660600    43.642500    17.600000
    2.716700    43.642500    17.600000
    2.772800    43.642500    17.600000
    2.828900    43.642500    17.600000

    1.089800    46.813500    17.600000
    1.145900    46.813500    17.600000
    1.202000    46.813500    17.600000
    1.258100    46.813500    17.600000
    1.314200    46.813500    17.600000
    1.370300    46.813500    17.600000
    1.426400    46.813500    17.600000
    1.482500    46.813500    17.600000
    1.538600    46.813500    17.600000
    1.594700    46.813500    17.600000
    1.650800    46.813500    17.600000
    1.706900    46.813500    17.600000
    1.763000    46.813500    17.600000
    1.819100    46.813500    16.600000
    1.875200    46.813500    12.600000
    1.931300    46.813500    13.900000
    1.987400    46.813500    12.100000
    2.043500    46.813500    10.500000
    2.099600    46.813500    12.600000
    2.155700    46.813500    11.200000
    2.211800    46.813500    13.200000
    2.267900    46.813500    12.100000
    2.324000    46.813500    11.400000
    2.380100    46.813500     8.730000
    2.436200    46.813500     9.620000
    2.492300    46.813500    11.400000
    2.548400    46.813500    13.900000
    2.604500    46.813500    15.000000
    2.660600    46.813500    17.600000
    2.716700    46.813500    16.600000
    2.772800    46.813500    17.600000
    2.828900    46.813500    17.600000

    1.089800    49.984500    17.600000
    1.145900    49.984500    17.600000
    1.202000    49.984500    17.600000
    1.258100    49.984500    17.600000
    1.314200    49.984500    17.600000
    1.370300    49.984500    17.600000
    1.426400    49.984500    17.600000
    1.482500    49.984500    17.600000
    1.538600    49.984500    17.600000
    1.594700    49.984500    17.600000
    1.650800    49.984500    17.600000
    1.706900    49.984500    17.600000
    1.763000    49.984500    16.600000
    1.819100    49.984500    10.900000
    1.875200    49.984500    11.200000
    1.931300    49.984500     9.620000
    1.987400    49.984500     8.730000
    2.043500    49.984500     8.370000
    2.099600    49.984500     8.370000
    2.155700    49.984500     9.980000
    2.211800    49.984500    10.200000
    2.267900    49.984500     8.910000
    2.324000    49.984500     7.660000
    2.380100    49.984500     6.410000
    2.436200    49.984500     8.020000
    2.492300    49.984500    12.100000
    2.548400    49.984500    13.900000
    2.604500    49.984500    17.600000
    2.660600    49.984500    17.600000
    2.716700    49.984500    17.600000
    2.772800    49.984500    17.600000
    2.828900    49.984500    17.600000

    1.089800    53.155500    17.600000
    1.145900    53.155500    17.600000
    1.202000    53.155500    17.600000
    1.258100    53.155500    17.600000
    1.314200    53.155500    17.600000
    1.370300    53.155500    17.600000
    1.426400    53.155500    16.600000
    1.482500    53.155500    12.600000
    1.538600    53.155500    15.000000
    1.594700    53.155500    17.600000
    1.650800    53.155500    17.600000
    1.706900    53.155500    16.600000
    1.763000    53.155500    12.600000
    1.819100    53.155500    11.200000
    1.875200    53.155500     8.730000
    1.931300    53.155500     7.300000
    1.987400    53.155500     6.770000
    2.043500    53.155500     6.230000
    2.099600    53.155500     6.770000
    2.155700    53.155500     8.190000
    2.211800    53.155500     7.660000
    2.267900    53.155500     7.660000
    2.324000    53.155500     5.880000
    2.380100    53.155500     4.280000
    2.436200    53.155500     5.880000
    2.492300    53.155500     9.080000
    2.548400    53.155500    13.200000
    2.604500    53.155500    15.000000
    2.660600    53.155500    15.000000
    2.716700    53.155500    17.600000
    2.772800    53.155500    17.600000
    2.828900    53.155500    17.600000

    1.089800    56.326500    17.600000
    1.145900    56.326500    17.600000
    1.202000    56.326500    17.600000
    1.258100    56.326500    17.600000
    1.314200    56.326500    17.600000
    1.370300    56.326500    16.600000
    1.426400    56.326500    16.600000
    1.482500    56.326500    12.600000
    1.538600    56.326500    17.600000
    1.594700    56.326500    17.600000
    1.650800    56.326500    16.600000
    1.706900    56.326500    13.900000
    1.763000    56.326500     9.260000
    1.819100    56.326500     7.480000
    1.875200    56.326500     6.410000
    1.931300    56.326500     5.340000
    1.987400    56.326500     4.810000
    2.043500    56.326500     4.990000
    2.099600    56.326500     4.990000
    2.155700    56.326500     5.880000
    2.211800    56.326500     5.340000
    2.267900    56.326500     5.880000
    2.324000    56.326500     3.920000
    2.380100    56.326500     3.030000
    2.436200    56.326500     4.450000
    2.492300    56.326500     7.660000
    2.548400    56.326500    11.400000
    2.604500    56.326500    13.200000
    2.660600    56.326500    17.600000
    2.716700    56.326500    17.600000
    2.772800    56.326500    17.600000
    2.828900    56.326500    17.600000

    1.089800    59.497500    17.600000
    1.145900    59.497500    17.600000
    1.202000    59.497500    17.600000
    1.258100    59.497500    17.600000
    1.314200    59.497500    13.200000
    1.370300    59.497500    12.600000
    1.426400    59.497500    15.000000
    1.482500    59.497500    12.100000
    1.538600    59.497500    15.000000
    1.594700    59.497500    13.900000
    1.650800    59.497500    12.100000
    1.706900    59.497500    10.700000
    1.763000    59.497500     7.130000
    1.819100    59.497500     5.170000
    1.875200    59.497500     4.450000
    1.931300    59.497500     3.740000
    1.987400    59.497500     3.380000
    2.043500    59.497500     3.560000
    2.099600    59.497500     3.560000
    2.155700    59.497500     4.450000
    2.211800    59.497500     3.920000
    2.267900    59.497500     3.560000
    2.324000    59.497500     2.850000
    2.380100    59.497500     2.140000
    2.436200    59.497500     3.560000
    2.492300    59.497500     6.410000
    2.548400    59.497500     9.980000
    2.604500    59.497500    15.000000
    2.660600    59.497500    16.600000
    2.716700    59.497500    16.600000
    2.772800    59.497500    17.600000
    2.828900    59.497500    17.600000

    1.089800    62.668500    16.600000
    1.145900    62.668500    15.000000
    1.202000    62.668500    17.600000
    1.258100    62.668500    16.600000
    1.314200    62.668500    10.500000
    1.370300    62.668500    10.700000
    1.426400    62.668500    11.800000
    1.482500    62.668500    10.700000
    1.538600    62.668500    12.600000
    1.594700    62.668500    10.900000
    1.650800    62.668500     9.980000
    1.706900    62.668500     8.370000
    1.763000    62.668500     5.700000
    1.819100    62.668500     3.920000
    1.875200    62.668500     3.210000
    1.931300    62.668500     2.490000
    1.987400    62.668500     2.850000
    2.043500    62.668500     3.030000
    2.099600    62.668500     2.850000
    2.155700    62.668500     3.030000
    2.211800    62.668500     2.670000
    2.267900    62.668500     2.670000
    2.324000    62.668500     2.850000
    2.380100    62.668500     1.960000
    2.436200    62.668500     3.210000
    2.492300    62.668500     5.700000
    2.548400    62.668500     7.300000
    2.604500    62.668500    10.700000
    2.660600    62.668500    16.600000
    2.716700    62.668500    16.600000
    2.772800    62.668500    17.600000
    2.828900    62.668500    17.600000

    1.089800    65.839500    17.600000
    1.145900    65.839500    17.600000
    1.202000    65.839500    16.600000
    1.258100    65.839500    16.600000
    1.314200    65.839500    12.600000
    1.370300    65.839500    12.100000
    1.426400    65.839500    11.200000
    1.482500    65.839500    11.400000
    1.538600    65.839500    10.500000
    1.594700    65.839500    13.200000
    1.650800    65.839500    10.300000
    1.706900    65.839500     7.300000
    1.763000    65.839500     4.810000
    1.819100    65.839500     3.560000
    1.875200    65.839500     2.670000
    1.931300    65.839500     2.140000
    1.987400    65.839500     1.960000
    2.043500    65.839500     2.670000
    2.099600    65.839500     2.850000
    2.155700    65.839500     2.850000
    2.211800    65.839500     2.490000
    2.267900    65.839500     2.320000
    2.324000    65.839500     2.140000
    2.380100    65.839500     2.140000
    2.436200    65.839500     3.380000
    2.492300    65.839500     5.170000
    2.548400    65.839500     7.840000
    2.604500    65.839500     8.370000
    2.660600    65.839500    11.800000
    2.716700    65.839500    16.600000
    2.772800    65.839500    16.600000
    2.828900    65.839500    16.600000

    1.089800    69.010500    17.600000
    1.145900    69.010500    16.600000
    1.202000    69.010500    17.600000
    1.258100    69.010500    17.600000
    1.314200    69.010500    17.600000
    1.370300    69.010500    15.000000
    1.426400    69.010500    12.100000
    1.482500    69.010500    10.700000
    1.538600    69.010500    10.500000
    1.594700    69.010500    10.900000
    1.650800    69.010500     9.800000
    1.706900    69.010500     6.590000
    1.763000    69.010500     4.810000
    1.819100    69.010500     3.560000
    1.875200    69.010500     2.490000
    1.931300    69.010500     2.140000
    1.987400    69.010500     2.140000
    2.043500    69.010500     2.490000
    2.099600    69.010500     2.490000
    2.155700    69.010500     3.030000
    2.211800    69.010500     2.490000
    2.267900    69.010500     1.960000
    2.324000    69.010500     2.320000
    2.380100    69.010500     2.140000
    2.436200    69.010500     3.210000
    2.492300    69.010500     5.170000
    2.548400    69.010500     6.410000
    2.604500    69.010500     9.260000
    2.660600    69.010500    11.800000
    2.716700    69.010500    11.800000
    2.772800    69.010500    17.600000
    2.828900    69.010500    17.600000

    1.089800    72.181500    17.600000
    1.145900    72.181500    16.600000
    1.202000    72.181500    17.600000
    1.258100    72.181500    17.600000
    1.314200    72.181500    17.600000
    1.370300    72.181500    17.600000
    1.426400    72.181500    13.200000
    1.482500    72.181500    13.200000
    1.538600    72.181500    10.900000
    1.594700    72.181500    10.300000
    1.650800    72.181500     9.260000
    1.706900    72.181500     7.130000
    1.763000    72.181500     5.340000
    1.819100    72.181500     4.280000
    1.875200    72.181500     2.850000
    1.931300    72.181500     2.490000
    1.987400    72.181500     2.490000
    2.043500    72.181500     2.320000
    2.099600    72.181500     2.490000
    2.155700    72.181500     3.030000
    2.211800    72.181500     2.490000
    2.267900    72.181500     2.140000
    2.324000    72.181500     2.320000
    2.380100    72.181500     2.850000
    2.436200    72.181500     3.740000
    2.492300    72.181500     4.990000
    2.548400    72.181500     5.880000
    2.604500    72.181500     8.730000
    2.660600    72.181500     9.080000
    2.716700    72.181500    12.600000
    2.772800    72.181500    16.600000
    2.828900    72.181500    17.600000

    1.089800    75.352500    17.600000
    1.145900    75.352500    17.600000
    1.202000    75.352500    17.600000
    1.258100    75.352500    17.600000
    1.314200    75.352500    16.600000
    1.370300    75.352500    13.900000
    1.426400    75.352500    11.800000
    1.482500    75.352500    12.100000
    1.538600    75.352500    11.200000
    1.594700    75.352500    11.800000
    1.650800    75.352500     9.260000
    1.706900    75.352500     7.130000
    1.763000    75.352500     5.340000
    1.819100    75.352500     4.280000
    1.875200    75.352500     3.030000
    1.931300    75.352500     3.210000
    1.987400    75.352500     3.210000
    2.043500    75.352500     3.030000
    2.099600    75.352500     3.210000
    2.155700    75.352500     3.030000
    2.211800    75.352500     3.030000
    2.267900    75.352500     2.490000
    2.324000    75.352500     2.490000
    2.380100    75.352500     3.030000
    2.436200    75.352500     4.450000
    2.492300    75.352500     5.880000
    2.548400    75.352500     6.950000
    2.604500    75.352500     7.300000
    2.660600    75.352500    10.900000
    2.716700    75.352500    11.200000
    2.772800    75.352500    17.600000
    2.828900    75.352500    17.600000

    1.089800    78.523500    17.600000
    1.145900    78.523500    17.600000
    1.202000    78.523500    17.600000
    1.258100    78.523500    17.600000
    1.314200    78.523500    17.600000
    1.370300    78.523500    13.200000
    1.426400    78.523500    12.600000
    1.482500    78.523500    13.200000
    1.538600    78.523500    13.200000
    1.594700    78.523500    12.100000
    1.650800    78.523500     9.980000
    1.706900    78.523500     7.840000
    1.763000    78.523500     5.700000
    1.819100    78.523500     4.810000
    1.875200    78.523500     3.740000
    1.931300    78.523500     3.920000
    1.987400    78.523500     4.100000
    2.043500    78.523500     4.450000
    2.099600    78.523500     4.280000
    2.155700    78.523500     3.920000
    2.211800    78.523500     3.920000
    2.267900    78.523500     3.380000
    2.324000    78.523500     3.380000
    2.380100    78.523500     4.280000
    2.436200    78.523500     5.520000
    2.492300    78.523500     6.410000
    2.548400    78.523500     7.840000
    2.604500    78.523500     8.730000
    2.660600    78.523500    11.400000
    2.716700    78.523500    15.000000
    2.772800    78.523500    17.600000
    2.828900    78.523500    17.600000

    1.089800    81.694500    17.600000
    1.145900    81.694500    17.600000
    1.202000    81.694500    17.600000
    1.258100    81.694500    16.600000
    1.314200    81.694500    17.600000
    1.370300    81.694500    17.600000
    1.426400    81.694500    17.600000
    1.482500    81.694500    17.600000
    1.538600    81.694500    16.600000
    1.594700    81.694500    15.000000
    1.650800    81.694500    12.600000
    1.706900    81.694500     8.730000
    1.763000    81.694500     6.410000
    1.819100    81.694500     5.880000
    1.875200    81.694500     5.520000
    1.931300    81.694500     5.340000
    1.987400    81.694500     5.880000
    2.043500    81.694500     6.230000
    2.099600    81.694500     5.700000
    2.155700    81.694500     5.700000
    2.211800    81.694500     5.170000
    2.267900    81.694500     4.450000
    2.324000    81.694500     5.170000
    2.380100    81.694500     5.880000
    2.436200    81.694500     7.300000
    2.492300    81.694500     8.190000
    2.548400    81.694500     9.620000
    2.604500    81.694500    12.600000
    2.660600    81.694500    15.000000
    2.716700    81.694500    17.600000
    2.772800    81.694500    17.600000
    2.828900    81.694500    17.600000

    1.089800    84.865500    17.600000
    1.145900    84.865500    17.600000
    1.202000    84.865500    17.600000
    1.258100    84.865500    17.600000
    1.314200    84.865500    17.600000
    1.370300    84.865500    17.600000
    1.426400    84.865500    17.600000
    1.482500    84.865500    17.600000
    1.538600    84.865500    17.600000
    1.594700    84.865500    15.000000
    1.650800    84.865500    10.300000
    1.706900    84.865500     9.980000
    1.763000    84.865500     8.020000
    1.819100    84.865500     6.950000
    1.875200    84.865500     6.230000
    1.931300    84.865500     6.590000
    1.987400    84.865500     7.660000
    2.043500    84.865500     7.840000
    2.099600    84.865500     7.300000
    2.155700    84.865500     7.130000
    2.211800    84.865500     6.230000
    2.267900    84.865500     6.230000
    2.324000    84.865500     6.590000
    2.380100    84.865500     7.480000
    2.436200    84.865500     8.550000
    2.492300    84.865500    11.800000
    2.548400    84.865500    12.600000
    2.604500    84.865500    15.000000
    2.660600    84.865500    17.600000
    2.716700    84.865500    17.600000
    2.772800    84.865500    17.600000
    2.828900    84.865500    17.600000

    1.089800    88.036500    17.600000
    1.145900    88.036500    17.600000
    1.202000    88.036500    17.600000
    1.258100    88.036500    17.600000
    1.314200    88.036500    17.600000
    1.370300    88.036500    17.600000
    1.426400    88.036500    17.600000
    1.482500    88.036500    17.600000
    1.538600    88.036500    17.600000
    1.594700    88.036500    15.000000
    1.650800    88.036500    11.800000
    1.706900    88.036500     9.620000
    1.763000    88.036500     8.370000
    1.819100    88.036500     7.840000
    1.875200    88.036500     6.410000
    1.931300    88.036500     7.300000
    1.987400    88.036500     8.190000
    2.043500    88.036500     8.370000
    2.099600    88.036500     7.480000
    2.155700    88.036500     6.950000
    2.211800    88.036500     7.130000
    2.267900    88.036500     7.300000
    2.324000    88.036500     8.370000
    2.380100    88.036500    11.200000
    2.436200    88.036500    10.500000
    2.492300    88.036500    12.600000
    2.548400    88.036500    13.900000
    2.604500    88.036500    16.600000
    2.660600    88.036500    17.600000
    2.716700    88.036500    17.600000
    2.772800    88.036500    17.600000
    2.828900    88.036500    17.600000

    1.089800    91.207500    17.600000
    1.145900    91.207500    17.600000
    1.202000    91.207500    17.600000
    1.258100    91.207500    17.600000
    1.314200    91.207500    17.600000
    1.370300    91.207500    17.600000
    1.426400    91.207500    17.600000
    1.482500    91.207500    17.600000
    1.538600    91.207500    17.600000
    1.594700    91.207500    13.900000
    1.650800    91.207500    13.900000
    1.706900    91.207500    10.200000
    1.763000    91.207500     8.550000
    1.819100    91.207500     7.300000
    1.875200    91.207500     6.590000
    1.931300    91.207500     7.660000
    1.987400    91.207500     7.840000
    2.043500    91.207500     8.550000
    2.099600    91.207500     7.660000
    2.155700    91.207500     7.840000
    2.211800    91.207500     8.370000
    2.267900    91.207500     9.080000
    2.324000    91.207500    10.900000
    2.380100    91.207500    12.600000
    2.436200    91.207500    12.600000
    2.492300    91.207500    15.000000
    2.548400    91.207500    15.000000
    2.604500    91.207500    17.600000
    2.660600    91.207500    17.600000
    2.716700    91.207500    17.600000
    2.772800    91.207500    17.600000
    2.828900    91.207500    17.600000

    1.089800    94.378500    17.600000
    1.145900    94.378500    17.600000
    1.202000    94.378500    17.600000
    1.258100    94.378500    17.600000
    1.314200    94.378500    17.600000
    1.370300    94.378500    17.600000
    1.426400    94.378500    17.600000
    1.482500    94.378500    17.600000
    1.538600    94.378500    17.600000
    1.594700    94.378500    15.000000
    1.650800    94.378500    12.100000
    1.706900    94.378500     9.620000
    1.763000    94.378500     8.190000
    1.819100    94.378500     7.130000
    1.875200    94.378500     6.590000
    1.931300    94.378500     6.060000
    1.987400    94.378500     7.300000
    2.043500    94.378500     8.020000
    2.099600    94.378500     7.300000
    2.155700    94.378500     8.190000
    2.211800    94.378500     9.260000
    2.267900    94.378500    10.200000
    2.324000    94.378500    10.500000
    2.380100    94.378500    16.600000
    2.436200    94.378500    16.600000
    2.492300    94.378500    17.600000
    2.548400    94.378500    17.600000
    2.604500    94.378500    17.600000
    2.660600    94.378500    17.600000
    2.716700    94.378500    17.600000
    2.772800    94.378500    17.600000
    2.828900    94.378500    17.600000

    1.089800    97.549500    17.600000
    1.145900    97.549500    17.600000
    1.202000    97.549500    17.600000
    1.258100    97.549500    17.600000
    1.314200    97.549500    17.600000
    1.370300    97.549500    17.600000
    1.426400    97.549500    17.600000
    1.482500    97.549500    13.900000
    1.538600    97.549500    13.900000
    1.594700    97.549500    12.100000
    1.650800    97.549500     9.080000
    1.706900    97.549500     8.910000
    1.763000    97.549500     7.130000
    1.819100    97.549500     5.700000
    1.875200    97.549500     4.100000
    1.931300    97.549500     4.450000
    1.987400    97.549500     5.520000
    2.043500    97.549500     6.230000
    2.099600    97.549500     6.230000
    2.155700    97.549500     7.130000
    2.211800    97.549500     6.950000
    2.267900    97.549500    10.300000
    2.324000    97.549500    16.600000
    2.380100    97.549500    16.600000
    2.436200    97.549500    17.600000
    2.492300    97.549500    17.600000
    2.548400    97.549500    17.600000
    2.604500    97.549500    17.600000
    2.660600    97.549500    17.600000
    2.716700    97.549500    17.600000
    2.772800    97.549500    17.600000
    2.828900    97.549500    17.600000

    1.089800   100.720500    17.600000
    1.145900   100.720500    17.600000
    1.202000   100.720500    17.600000
    1.258100   100.720500    17.600000
    1.314200   100.720500    17.600000
    1.370300   100.720500    17.600000
    1.426400   100.720500    15.000000
    1.482500   100.720500    12.100000
    1.538600   100.720500     9.080000
    1.594700   100.720500     8.190000
    1.650800   100.720500     5.880000
    1.706900   100.720500     5.700000
    1.763000   100.720500     5.340000
    1.819100   100.720500     3.920000
    1.875200   100.720500     3.210000
    1.931300   100.720500     3.210000
    1.987400   100.720500     4.100000
    2.043500   100.720500     4.280000
    2.099600   100.720500     4.280000
    2.155700   100.720500     4.450000
    2.211800   100.720500     5.340000
    2.267900   100.720500     8.550000
    2.324000   100.720500    11.400000
    2.380100   100.720500    17.600000
    2.436200   100.720500    17.600000
    2.492300   100.720500    17.600000
    2.548400   100.720500    17.600000
    2.604500   100.720500    17.600000
    2.660600   100.720500    17.600000
    2.716700   100.720500    17.600000
    2.772800   100.720500    17.600000
    2.828900   100.720500    17.600000

    1.089800   103.891500    17.600000
    1.145900   103.891500    17.600000
    1.202000   103.891500    17.600000
    1.258100   103.891500    17.600000
    1.314200   103.891500    17.600000
    1.370300   103.891500    17.600000
    1.426400   103.891500    16.600000
    1.482500   103.891500    12.600000
    1.538600   103.891500     8.370000
    1.594700   103.891500     7.480000
    1.650800   103.891500     4.810000
    1.706900   103.891500     3.740000
    1.763000   103.891500     3.740000
    1.819100   103.891500     2.850000
    1.875200   103.891500     2.490000
    1.931300   103.891500     3.030000
    1.987400   103.891500     3.380000
    2.043500   103.891500     3.380000
    2.099600   103.891500     3.560000
    2.155700   103.891500     4.990000
    2.211800   103.891500     7.130000
    2.267900   103.891500     8.730000
    2.324000   103.891500    11.800000
    2.380100   103.891500    17.600000
    2.436200   103.891500    17.600000
    2.492300   103.891500    16.600000
    2.548400   103.891500    17.600000
    2.604500   103.891500    17.600000
    2.660600   103.891500    17.600000
    2.716700   103.891500    17.600000
    2.772800   103.891500    17.600000
    2.828900   103.891500    17.600000

    1.089800   107.062500    17.600000
    1.145900   107.062500    17.600000
    1.202000   107.062500    17.600000
    1.258100   107.062500    17.600000
    1.314200   107.062500    17.600000
    1.370300   107.062500    17.600000
    1.426400   107.062500    13.900000
    1.482500   107.062500     8.730000
    1.538600   107.062500     8.190000
    1.594700   107.062500     6.590000
    1.650800   107.062500     4.630000
    1.706900   107.062500     3.920000
    1.763000   107.062500     3.560000
    1.819100   107.062500     2.320000
    1.875200   107.062500     2.960000
    1.931300   107.062500     2.670000
    1.987400   107.062500     3.560000
    2.043500   107.062500     4.280000
    2.099600   107.062500     5.520000
    2.155700   107.062500     6.230000
    2.211800   107.062500     9.260000
    2.267900   107.062500    12.100000
    2.324000   107.062500    15.000000
    2.380100   107.062500    17.600000
    2.436200   107.062500    17.600000
    2.492300   107.062500    17.600000
    2.548400   107.062500    17.600000
    2.604500   107.062500    17.600000
    2.660600   107.062500    17.600000
    2.716700   107.062500    17.600000
    2.772800   107.062500    17.600000
    2.828900   107.062500    17.600000

    1.089800   110.233500    17.600000
    1.145900   110.233500    17.600000
    1.202000   110.233500    17.600000
    1.258100   110.233500    17.600000
    1.314200   110.233500    16.600000
    1.370300   110.233500    11.400000
    1.426400   110.233500     7.300000
    1.482500   110.233500     6.770000
    1.538600   110.233500     6.590000
    1.594700   110.233500     6.060000
    1.650800   110.233500     5.340000
    1.706900   110.233500     3.560000
    1.763000   110.233500     2.140000
    1.819100   110.233500     2.250000
    1.875200   110.233500     2.070000
    1.931300   110.233500     2.320000
    1.987400   110.233500     3.920000
    2.043500   110.233500     5.700000
    2.099600   110.233500     8.190000
    2.155700   110.233500    10.300000
    2.211800   110.233500    13.900000
    2.267900   110.233500    17.600000
    2.324000   110.233500    17.600000
    2.380100   110.233500    17.600000
    2.436200   110.233500    17.600000
    2.492300   110.233500    17.600000
    2.548400   110.233500    17.600000
    2.604500   110.233500    17.600000
    2.660600   110.233500    17.600000
    2.716700   110.233500    17.600000
    2.772800   110.233500    17.600000
    2.828900   110.233500    17.600000

    1.089800   113.404500    17.600000
    1.145900   113.404500    17.600000
    1.202000   113.404500    17.600000
    1.258100   113.404500    17.600000
    1.314200   113.404500    12.600000
    1.370300   113.404500     6.590000
    1.426400   113.404500     4.100000
    1.482500   113.404500     3.920000
    1.538600   113.404500     5.170000
    1.594700   113.404500     5.170000
    1.650800   113.404500     4.630000
    1.706900   113.404500     2.320000
    1.763000   113.404500     2.713000
    1.819100   113.404500     2.178000
    1.875200   113.404500     2.713000
    1.931300   113.404500     3.490000
    1.987400   113.404500     4.630000
    2.043500   113.404500     7.130000
    2.099600   113.404500     9.080000
    2.155700   113.404500    13.900000
    2.211800   113.404500    17.600000
    2.267900   113.404500    17.600000
    2.324000   113.404500    17.600000
    2.380100   113.404500    17.600000
    2.436200   113.404500    17.600000
    2.492300   113.404500    17.600000
    2.548400   113.404500    17.600000
    2.604500   113.404500    17.600000
    2.660600   113.404500    17.600000
    2.716700   113.404500    17.600000
    2.772800   113.404500    17.600000
    2.828900   113.404500    17.600000

    1.089800   116.575500    17.600000
    1.145900   116.575500    17.600000
    1.202000   116.575500    17.600000
    1.258100   116.575500    16.600000
    1.314200   116.575500     8.550000
    1.370300   116.575500     3.210000
    1.426400   116.575500     3.070000
    1.482500   116.575500     3.960000
    1.538600   116.575500     3.380000
    1.594700   116.575500     3.210000
    1.650800   116.575500     3.210000
    1.706900   116.575500     2.140000
    1.763000   116.575500     2.430000
    1.819100   116.575500     2.600000
    1.875200   116.575500     2.850000
    1.931300   116.575500     4.450000
    1.987400   116.575500     7.130000
    2.043500   116.575500    10.300000
    2.099600   116.575500    12.100000
    2.155700   116.575500    17.600000
    2.211800   116.575500    17.600000
    2.267900   116.575500    17.600000
    2.324000   116.575500    17.600000
    2.380100   116.575500    17.600000
    2.436200   116.575500    17.600000
    2.492300   116.575500    17.600000
    2.548400   116.575500    17.600000
    2.604500   116.575500    17.600000
    2.660600   116.575500    17.600000
    2.716700   116.575500    17.600000
    2.772800   116.575500    17.600000
    2.828900   116.575500    17.600000

    1.089800   119.746500    17.600000
    1.145900   119.746500    17.600000
    1.202000   119.746500    15.000000
    1.258100   119.746500    10.700000
    1.314200   119.746500     5.340000
    1.370300   119.746500     2.600000
    1.426400   119.746500     1.800000
    1.482500   119.746500     2.891000
    1.538600   119.746500     2.670000
    1.594700   119.746500     2.490000
    1.650800   119.746500     3.030000
    1.706900   119.746500     3.920000
    1.763000   119.746500     4.280000
    1.819100   119.746500     4.810000
    1.875200   119.746500     5.880000
    1.931300   119.746500     7.660000
    1.987400   119.746500    11.400000
    2.043500   119.746500    11.800000
    2.099600   119.746500    17.600000
    2.155700   119.746500    16.600000
    2.211800   119.746500    17.600000
    2.267900   119.746500    17.600000
    2.324000   119.746500    17.600000
    2.380100   119.746500    17.600000
    2.436200   119.746500    17.600000
    2.492300   119.746500    17.600000
    2.548400   119.746500    17.600000
    2.604500   119.746500    17.600000
    2.660600   119.746500    17.600000
    2.716700   119.746500    17.600000
    2.772800   119.746500    17.600000
    2.828900   119.746500    17.600000

    1.089800   122.917500    17.600000
    1.145900   122.917500    17.600000
    1.202000   122.917500    16.600000
    1.258100   122.917500    11.200000
    1.314200   122.917500     5.520000
    1.370300   122.917500     2.670000
    1.426400   122.917500     3.430000
    1.482500   122.917500     2.850000
    1.538600   122.917500     4.280000
    1.594700   122.917500     5.700000
    1.650800   122.917500     7.130000
    1.706900   122.917500     7.660000
    1.763000   122.917500     8.730000
    1.819100   122.917500     9.620000
    1.875200   122.917500     9.800000
    1.931300   122.917500    13.200000
    1.987400   122.917500    13.900000
    2.043500   122.917500    17.600000
    2.099600   122.917500    17.600000
    2.155700   122.917500    17.600000
    2.211800   122.917500    17.600000
    2.267900   122.917500    17.600000
    2.324000   122.917500    17.600000
    2.380100   122.917500    17.600000
    2.436200   122.917500    17.600000
    2.492300   122.917500    17.600000
    2.548400   122.917500    17.600000
    2.604500   122.917500    17.600000
    2.660600   122.917500    17.600000
    2.716700   122.917500    17.600000
    2.772800   122.917500    17.600000
    2.828900   122.917500    17.600000

    1.089800   126.088500    17.600000
    1.145900   126.088500    17.600000
    1.202000   126.088500    16.600000
    1.258100   126.088500    11.800000
    1.314200   126.088500     8.190000
    1.370300   126.088500     6.230000
    1.426400   126.088500     6.060000
    1.482500   126.088500     8.190000
    1.538600   126.088500    10.700000
    1.594700   126.088500    12.100000
    1.650800   126.088500    13.900000
    1.706900   126.088500    17.600000
    1.763000   126.088500    16.600000
    1.819100   126.088500    16.600000
    1.875200   126.088500    15.000000
    1.931300   126.088500    17.600000
    1.987400   126.088500    17.600000
    2.043500   126.088500    17.600000
    2.099600   126.088500    17.600000
    2.155700   126.088500    17.600000
    2.211800   126.088500    17.600000
    2.267900   126.088500    17.600000
    2.324000   126.088500    17.600000
    2.380100   126.088500    17.600000
    2.436200   126.088500    17.600000
    2.492300   126.088500    17.600000
    2.548400   126.088500    17.600000
    2.604500   126.088500    17.600000
    2.660600   126.088500    17.600000
    2.716700   126.088500    17.600000
    2.772800   126.088500    17.600000
    2.828900   126.088500    17.600000

    1.089800   129.259500    17.600000
    1.145900   129.259500    17.600000
    1.202000   129.259500    17.600000
    1.258100   129.259500    17.600000
    1.314200   129.259500    16.600000
    1.370300   129.259500    15.000000
    1.426400   129.259500    12.600000
    1.482500   129.259500    17.600000
    1.538600   129.259500    17.600000
    1.594700   129.259500    17.600000
    1.650800   129.259500    17.600000
    1.706900   129.259500    17.600000
    1.763000   129.259500    16.600000
    1.819100   129.259500    17.600000
    1.875200   129.259500    17.600000
    1.931300   129.259500    17.600000
    1.987400   129.259500    17.600000
    2.043500   129.259500    17.600000
    2.099600   129.259500    17.600000
    2.155700   129.259500    17.600000
    2.211800   129.259500    17.600000
    2.267900   129.259500    17.600000
    2.324000   129.259500    17.600000
    2.380100   129.259500    17.600000
    2.436200   129.259500    17.600000
    2.492300   129.259500    17.600000
    2.548400   129.259500    17.600000
    2.604500   129.259500    17.600000
    2.660600   129.259500    17.600000
    2.716700   129.259500    17.600000
    2.772800   129.259500    17.600000
    2.828900   129.259500    17.600000

