#    Nx=32    Ny=32    X0=1.21184    dX=0.04776    Y0=38.3574    dY=2.4968
#    x            y            z
    1.211840    38.357400    15.900000
    1.259600    38.357400    15.900000
    1.307360    38.357400    15.900000
    1.355120    38.357400    15.900000
    1.402880    38.357400    15.900000
    1.450640    38.357400    15.900000
    1.498400    38.357400    15.900000
    1.546160    38.357400    15.900000
    1.593920    38.357400    15.900000
    1.641680    38.357400    15.900000
    1.689440    38.357400    15.900000
    1.737200    38.357400    15.900000
    1.784960    38.357400    15.900000
    1.832720    38.357400    15.900000
    1.880480    38.357400    13.200000
    1.928240    38.357400    15.900000
    1.976000    38.357400    14.900000
    2.023760    38.357400    12.200000
    2.071520    38.357400    13.200000
    2.119280    38.357400    15.900000
    2.167040    38.357400    15.900000
    2.214800    38.357400    15.900000
    2.262560    38.357400    15.900000
    2.310320    38.357400    15.900000
    2.358080    38.357400    15.900000
    2.405840    38.357400    15.900000
    2.453600    38.357400    15.900000
    2.501360    38.357400    15.900000
    2.549120    38.357400    15.900000
    2.596880    38.357400    15.900000
    2.644640    38.357400    15.900000
    2.692400    38.357400    15.900000

    1.211840    40.854200    15.900000
    1.259600    40.854200    15.900000
    1.307360    40.854200    15.900000
    1.355120    40.854200    15.900000
    1.402880    40.854200    15.900000
    1.450640    40.854200    15.900000
    1.498400    40.854200    15.900000
    1.546160    40.854200    14.900000
    1.593920    40.854200    13.200000
    1.641680    40.854200    15.900000
    1.689440    40.854200    15.900000
    1.737200    40.854200    15.900000
    1.784960    40.854200    15.900000
    1.832720    40.854200    13.200000
    1.880480    40.854200    12.200000
    1.928240    40.854200    15.900000
    1.976000    40.854200    12.200000
    2.023760    40.854200    11.400000
    2.071520    40.854200    12.200000
    2.119280    40.854200    13.200000
    2.167040    40.854200    12.200000
    2.214800    40.854200    15.900000
    2.262560    40.854200    14.900000
    2.310320    40.854200    15.900000
    2.358080    40.854200    15.900000
    2.405840    40.854200    15.900000
    2.453600    40.854200    15.900000
    2.501360    40.854200    15.900000
    2.549120    40.854200    15.900000
    2.596880    40.854200    15.900000
    2.644640    40.854200    15.900000
    2.692400    40.854200    15.900000

    1.211840    43.351000    15.900000
    1.259600    43.351000    15.900000
    1.307360    43.351000    15.900000
    1.355120    43.351000    15.900000
    1.402880    43.351000    15.900000
    1.450640    43.351000    15.900000
    1.498400    43.351000    15.900000
    1.546160    43.351000    15.900000
    1.593920    43.351000    15.900000
    1.641680    43.351000    15.900000
    1.689440    43.351000    11.400000
    1.737200    43.351000    12.200000
    1.784960    43.351000    10.400000
    1.832720    43.351000    13.200000
    1.880480    43.351000    10.400000
    1.928240    43.351000     8.980000
    1.976000    43.351000    11.400000
    2.023760    43.351000     9.460000
    2.071520    43.351000    10.400000
    2.119280    43.351000    12.200000
    2.167040    43.351000    12.200000
    2.214800    43.351000    15.900000
    2.262560    43.351000    15.900000
    2.310320    43.351000    15.900000
    2.358080    43.351000    15.900000
    2.405840    43.351000    15.900000
    2.453600    43.351000    15.900000
    2.501360    43.351000    15.900000
    2.549120    43.351000    15.900000
    2.596880    43.351000    15.900000
    2.644640    43.351000    15.900000
    2.692400    43.351000    15.900000

    1.211840    45.847800    15.900000
    1.259600    45.847800    15.900000
    1.307360    45.847800    15.900000
    1.355120    45.847800    15.900000
    1.402880    45.847800    14.900000
    1.450640    45.847800    15.900000
    1.498400    45.847800    14.900000
    1.546160    45.847800    14.900000
    1.593920    45.847800    14.900000
    1.641680    45.847800    13.200000
    1.689440    45.847800    11.400000
    1.737200    45.847800    10.900000
    1.784960    45.847800    10.100000
    1.832720    45.847800    12.200000
    1.880480    45.847800    13.200000
    1.928240    45.847800    10.900000
    1.976000    45.847800    10.100000
    2.023760    45.847800     8.980000
    2.071520    45.847800    10.400000
    2.119280    45.847800    12.200000
    2.167040    45.847800    12.200000
    2.214800    45.847800    14.900000
    2.262560    45.847800    15.900000
    2.310320    45.847800    15.900000
    2.358080    45.847800    15.900000
    2.405840    45.847800    15.900000
    2.453600    45.847800    14.900000
    2.501360    45.847800    15.900000
    2.549120    45.847800    15.900000
    2.596880    45.847800    15.900000
    2.644640    45.847800    15.900000
    2.692400    45.847800    15.900000

    1.211840    48.344600    15.900000
    1.259600    48.344600    15.900000
    1.307360    48.344600    15.900000
    1.355120    48.344600    15.900000
    1.402880    48.344600    15.900000
    1.450640    48.344600    15.900000
    1.498400    48.344600    15.900000
    1.546160    48.344600    15.900000
    1.593920    48.344600    14.900000
    1.641680    48.344600    15.900000
    1.689440    48.344600    13.200000
    1.737200    48.344600    12.200000
    1.784960    48.344600    13.200000
    1.832720    48.344600    12.200000
    1.880480    48.344600    11.400000
    1.928240    48.344600    10.100000
    1.976000    48.344600    10.100000
    2.023760    48.344600    10.100000
    2.071520    48.344600    14.900000
    2.119280    48.344600    12.200000
    2.167040    48.344600    15.900000
    2.214800    48.344600    13.200000
    2.262560    48.344600    15.900000
    2.310320    48.344600    15.900000
    2.358080    48.344600    14.900000
    2.405840    48.344600    15.900000
    2.453600    48.344600    15.900000
    2.501360    48.344600    15.900000
    2.549120    48.344600    15.900000
    2.596880    48.344600    15.900000
    2.644640    48.344600    15.900000
    2.692400    48.344600    15.900000

    1.211840    50.841400    15.900000
    1.259600    50.841400    15.900000
    1.307360    50.841400    15.900000
    1.355120    50.841400    15.900000
    1.402880    50.841400    15.900000
    1.450640    50.841400    15.900000
    1.498400    50.841400    14.900000
    1.546160    50.841400    13.200000
    1.593920    50.841400    12.200000
    1.641680    50.841400    14.900000
    1.689440    50.841400    11.400000
    1.737200    50.841400    12.200000
    1.784960    50.841400    10.900000
    1.832720    50.841400    11.400000
    1.880480    50.841400    10.900000
    1.928240    50.841400    10.400000
    1.976000    50.841400    10.100000
    2.023760    50.841400    10.900000
    2.071520    50.841400    13.200000
    2.119280    50.841400    13.200000
    2.167040    50.841400    10.900000
    2.214800    50.841400    14.900000
    2.262560    50.841400    15.900000
    2.310320    50.841400    14.900000
    2.358080    50.841400    12.200000
    2.405840    50.841400    15.900000
    2.453600    50.841400    13.200000
    2.501360    50.841400    15.900000
    2.549120    50.841400    15.900000
    2.596880    50.841400    15.900000
    2.644640    50.841400    15.900000
    2.692400    50.841400    15.900000

    1.211840    53.338200    15.900000
    1.259600    53.338200    15.900000
    1.307360    53.338200    15.900000
    1.355120    53.338200    15.900000
    1.402880    53.338200    15.900000
    1.450640    53.338200    15.900000
    1.498400    53.338200    13.200000
    1.546160    53.338200    10.400000
    1.593920    53.338200    15.900000
    1.641680    53.338200    13.200000
    1.689440    53.338200     8.340000
    1.737200    53.338200     9.780000
    1.784960    53.338200    10.900000
    1.832720    53.338200    10.400000
    1.880480    53.338200     9.140000
    1.928240    53.338200    10.900000
    1.976000    53.338200     9.780000
    2.023760    53.338200    12.200000
    2.071520    53.338200    13.200000
    2.119280    53.338200    14.900000
    2.167040    53.338200    14.900000
    2.214800    53.338200    15.900000
    2.262560    53.338200    15.900000
    2.310320    53.338200    15.900000
    2.358080    53.338200    14.900000
    2.405840    53.338200    13.200000
    2.453600    53.338200    14.900000
    2.501360    53.338200    14.900000
    2.549120    53.338200    15.900000
    2.596880    53.338200    15.900000
    2.644640    53.338200    15.900000
    2.692400    53.338200    15.900000

    1.211840    55.835000    15.900000
    1.259600    55.835000    15.900000
    1.307360    55.835000    15.900000
    1.355120    55.835000    15.900000
    1.402880    55.835000    15.900000
    1.450640    55.835000    15.900000
    1.498400    55.835000    15.900000
    1.546160    55.835000    14.900000
    1.593920    55.835000     9.460000
    1.641680    55.835000     8.340000
    1.689440    55.835000     8.980000
    1.737200    55.835000     9.460000
    1.784960    55.835000     8.020000
    1.832720    55.835000     9.460000
    1.880480    55.835000    11.400000
    1.928240    55.835000     9.460000
    1.976000    55.835000     9.460000
    2.023760    55.835000    10.900000
    2.071520    55.835000    13.200000
    2.119280    55.835000    10.400000
    2.167040    55.835000    14.900000
    2.214800    55.835000    11.400000
    2.262560    55.835000    15.900000
    2.310320    55.835000    13.200000
    2.358080    55.835000    15.900000
    2.405840    55.835000    13.200000
    2.453600    55.835000    15.900000
    2.501360    55.835000    15.900000
    2.549120    55.835000    15.900000
    2.596880    55.835000    15.900000
    2.644640    55.835000    15.900000
    2.692400    55.835000    15.900000

    1.211840    58.331800    15.900000
    1.259600    58.331800    15.900000
    1.307360    58.331800    15.900000
    1.355120    58.331800    15.900000
    1.402880    58.331800    14.900000
    1.450640    58.331800    13.200000
    1.498400    58.331800    14.900000
    1.546160    58.331800    12.200000
    1.593920    58.331800     7.860000
    1.641680    58.331800     7.540000
    1.689440    58.331800     8.500000
    1.737200    58.331800     7.220000
    1.784960    58.331800     7.700000
    1.832720    58.331800     8.180000
    1.880480    58.331800     8.500000
    1.928240    58.331800     7.700000
    1.976000    58.331800     8.500000
    2.023760    58.331800     9.780000
    2.071520    58.331800     9.780000
    2.119280    58.331800     9.780000
    2.167040    58.331800    11.400000
    2.214800    58.331800     9.780000
    2.262560    58.331800    10.400000
    2.310320    58.331800    14.900000
    2.358080    58.331800    15.900000
    2.405840    58.331800    15.900000
    2.453600    58.331800    15.900000
    2.501360    58.331800    15.900000
    2.549120    58.331800    15.900000
    2.596880    58.331800    15.900000
    2.644640    58.331800    15.900000
    2.692400    58.331800    15.900000

    1.211840    60.828600    15.900000
    1.259600    60.828600    15.900000
    1.307360    60.828600    15.900000
    1.355120    60.828600    15.900000
    1.402880    60.828600    15.900000
    1.450640    60.828600    15.900000
    1.498400    60.828600    12.200000
    1.546160    60.828600    10.100000
    1.593920    60.828600     7.860000
    1.641680    60.828600     6.900000
    1.689440    60.828600     6.090000
    1.737200    60.828600     6.420000
    1.784960    60.828600     7.700000
    1.832720    60.828600     6.900000
    1.880480    60.828600     6.740000
    1.928240    60.828600     7.380000
    1.976000    60.828600     7.380000
    2.023760    60.828600     7.700000
    2.071520    60.828600     9.140000
    2.119280    60.828600     8.500000
    2.167040    60.828600     8.500000
    2.214800    60.828600     9.780000
    2.262560    60.828600    12.200000
    2.310320    60.828600    13.200000
    2.358080    60.828600    15.900000
    2.405840    60.828600    15.900000
    2.453600    60.828600    15.900000
    2.501360    60.828600    15.900000
    2.549120    60.828600    15.900000
    2.596880    60.828600    15.900000
    2.644640    60.828600    15.900000
    2.692400    60.828600    15.900000

    1.211840    63.325400    15.900000
    1.259600    63.325400    15.900000
    1.307360    63.325400    15.900000
    1.355120    63.325400    15.900000
    1.402880    63.325400    15.900000
    1.450640    63.325400    15.900000
    1.498400    63.325400    12.200000
    1.546160    63.325400    13.200000
    1.593920    63.325400     8.340000
    1.641680    63.325400     7.060000
    1.689440    63.325400     6.580000
    1.737200    63.325400     7.700000
    1.784960    63.325400     6.420000
    1.832720    63.325400     6.740000
    1.880480    63.325400     7.540000
    1.928240    63.325400     7.060000
    1.976000    63.325400     7.060000
    2.023760    63.325400     7.860000
    2.071520    63.325400     8.500000
    2.119280    63.325400     8.180000
    2.167040    63.325400     8.660000
    2.214800    63.325400     8.980000
    2.262560    63.325400     9.780000
    2.310320    63.325400    14.900000
    2.358080    63.325400    15.900000
    2.405840    63.325400    15.900000
    2.453600    63.325400    15.900000
    2.501360    63.325400    15.900000
    2.549120    63.325400    15.900000
    2.596880    63.325400    15.900000
    2.644640    63.325400    15.900000
    2.692400    63.325400    15.900000

    1.211840    65.822200    15.900000
    1.259600    65.822200    15.900000
    1.307360    65.822200    15.900000
    1.355120    65.822200    15.900000
    1.402880    65.822200    15.900000
    1.450640    65.822200    14.900000
    1.498400    65.822200    14.900000
    1.546160    65.822200    12.200000
    1.593920    65.822200     9.460000
    1.641680    65.822200     8.500000
    1.689440    65.822200     8.020000
    1.737200    65.822200     7.540000
    1.784960    65.822200     8.500000
    1.832720    65.822200     7.060000
    1.880480    65.822200     6.090000
    1.928240    65.822200     6.250000
    1.976000    65.822200     7.060000
    2.023760    65.822200     6.580000
    2.071520    65.822200     7.060000
    2.119280    65.822200     7.380000
    2.167040    65.822200     9.460000
    2.214800    65.822200     9.780000
    2.262560    65.822200     9.460000
    2.310320    65.822200    12.200000
    2.358080    65.822200    13.200000
    2.405840    65.822200    15.900000
    2.453600    65.822200    15.900000
    2.501360    65.822200    15.900000
    2.549120    65.822200    15.900000
    2.596880    65.822200    15.900000
    2.644640    65.822200    15.900000
    2.692400    65.822200    15.900000

    1.211840    68.319000    15.900000
    1.259600    68.319000    15.900000
    1.307360    68.319000    15.900000
    1.355120    68.319000    14.900000
    1.402880    68.319000    14.900000
    1.450640    68.319000    12.200000
    1.498400    68.319000    13.200000
    1.546160    68.319000    10.400000
    1.593920    68.319000     9.140000
    1.641680    68.319000     7.060000
    1.689440    68.319000     8.340000
    1.737200    68.319000     6.580000
    1.784960    68.319000     6.740000
    1.832720    68.319000     7.380000
    1.880480    68.319000     6.900000
    1.928240    68.319000     7.540000
    1.976000    68.319000     7.060000
    2.023760    68.319000     7.380000
    2.071520    68.319000     7.540000
    2.119280    68.319000     8.340000
    2.167040    68.319000     8.340000
    2.214800    68.319000     9.780000
    2.262560    68.319000    10.100000
    2.310320    68.319000    10.900000
    2.358080    68.319000    14.900000
    2.405840    68.319000    15.900000
    2.453600    68.319000    15.900000
    2.501360    68.319000    15.900000
    2.549120    68.319000    15.900000
    2.596880    68.319000    15.900000
    2.644640    68.319000    15.900000
    2.692400    68.319000    15.900000

    1.211840    70.815800    15.900000
    1.259600    70.815800    15.900000
    1.307360    70.815800    15.900000
    1.355120    70.815800    13.200000
    1.402880    70.815800    13.200000
    1.450640    70.815800    11.400000
    1.498400    70.815800    11.400000
    1.546160    70.815800     8.660000
    1.593920    70.815800     9.460000
    1.641680    70.815800     8.660000
    1.689440    70.815800     8.660000
    1.737200    70.815800     8.180000
    1.784960    70.815800     7.380000
    1.832720    70.815800     8.500000
    1.880480    70.815800     9.460000
    1.928240    70.815800     7.220000
    1.976000    70.815800     6.900000
    2.023760    70.815800     9.140000
    2.071520    70.815800     8.020000
    2.119280    70.815800     8.180000
    2.167040    70.815800     8.020000
    2.214800    70.815800     8.660000
    2.262560    70.815800     9.140000
    2.310320    70.815800    13.200000
    2.358080    70.815800    12.200000
    2.405840    70.815800    15.900000
    2.453600    70.815800    15.900000
    2.501360    70.815800    15.900000
    2.549120    70.815800    15.900000
    2.596880    70.815800    15.900000
    2.644640    70.815800    15.900000
    2.692400    70.815800    15.900000

    1.211840    73.312600    15.900000
    1.259600    73.312600    15.900000
    1.307360    73.312600    13.200000
    1.355120    73.312600    14.900000
    1.402880    73.312600    10.900000
    1.450640    73.312600    12.200000
    1.498400    73.312600    13.200000
    1.546160    73.312600    12.200000
    1.593920    73.312600    10.100000
    1.641680    73.312600    10.100000
    1.689440    73.312600     9.460000
    1.737200    73.312600     8.980000
    1.784960    73.312600    10.100000
    1.832720    73.312600     9.780000
    1.880480    73.312600     7.540000
    1.928240    73.312600     6.740000
    1.976000    73.312600     7.060000
    2.023760    73.312600     7.540000
    2.071520    73.312600     7.700000
    2.119280    73.312600     7.700000
    2.167040    73.312600     9.780000
    2.214800    73.312600     7.860000
    2.262560    73.312600    11.400000
    2.310320    73.312600    12.200000
    2.358080    73.312600    13.200000
    2.405840    73.312600    13.200000
    2.453600    73.312600    15.900000
    2.501360    73.312600    15.900000
    2.549120    73.312600    15.900000
    2.596880    73.312600    15.900000
    2.644640    73.312600    15.900000
    2.692400    73.312600    15.900000

    1.211840    75.809400    14.900000
    1.259600    75.809400    14.900000
    1.307360    75.809400    14.900000
    1.355120    75.809400    13.200000
    1.402880    75.809400    12.200000
    1.450640    75.809400     9.460000
    1.498400    75.809400     9.780000
    1.546160    75.809400    11.400000
    1.593920    75.809400    12.200000
    1.641680    75.809400    12.200000
    1.689440    75.809400    11.400000
    1.737200    75.809400    10.900000
    1.784960    75.809400    10.400000
    1.832720    75.809400     8.180000
    1.880480    75.809400     7.060000
    1.928240    75.809400     6.900000
    1.976000    75.809400     6.900000
    2.023760    75.809400     7.380000
    2.071520    75.809400     6.740000
    2.119280    75.809400     8.180000
    2.167040    75.809400     9.460000
    2.214800    75.809400    10.100000
    2.262560    75.809400    15.900000
    2.310320    75.809400    12.200000
    2.358080    75.809400    15.900000
    2.405840    75.809400    13.200000
    2.453600    75.809400    13.200000
    2.501360    75.809400    15.900000
    2.549120    75.809400    15.900000
    2.596880    75.809400    15.900000
    2.644640    75.809400    15.900000
    2.692400    75.809400    15.900000

    1.211840    78.306200    15.900000
    1.259600    78.306200    15.900000
    1.307360    78.306200    11.400000
    1.355120    78.306200    13.200000
    1.402880    78.306200    11.400000
    1.450640    78.306200    10.400000
    1.498400    78.306200    10.400000
    1.546160    78.306200    10.900000
    1.593920    78.306200    10.400000
    1.641680    78.306200    10.400000
    1.689440    78.306200    12.200000
    1.737200    78.306200    14.900000
    1.784960    78.306200     8.660000
    1.832720    78.306200     8.180000
    1.880480    78.306200     7.220000
    1.928240    78.306200     7.060000
    1.976000    78.306200     6.740000
    2.023760    78.306200     5.450000
    2.071520    78.306200     5.930000
    2.119280    78.306200     8.340000
    2.167040    78.306200     8.500000
    2.214800    78.306200     8.020000
    2.262560    78.306200     9.140000
    2.310320    78.306200     8.500000
    2.358080    78.306200     8.500000
    2.405840    78.306200    10.100000
    2.453600    78.306200    14.900000
    2.501360    78.306200    14.900000
    2.549120    78.306200    15.900000
    2.596880    78.306200    15.900000
    2.644640    78.306200    15.900000
    2.692400    78.306200    15.900000

    1.211840    80.803000    15.900000
    1.259600    80.803000    15.900000
    1.307360    80.803000    13.200000
    1.355120    80.803000    14.900000
    1.402880    80.803000    13.200000
    1.450640    80.803000    12.200000
    1.498400    80.803000    10.400000
    1.546160    80.803000    12.200000
    1.593920    80.803000    10.900000
    1.641680    80.803000    13.200000
    1.689440    80.803000    10.900000
    1.737200    80.803000    11.400000
    1.784960    80.803000    10.900000
    1.832720    80.803000     7.380000
    1.880480    80.803000     7.060000
    1.928240    80.803000     6.090000
    1.976000    80.803000     4.810000
    2.023760    80.803000     4.970000
    2.071520    80.803000     5.610000
    2.119280    80.803000     6.740000
    2.167040    80.803000     6.420000
    2.214800    80.803000     7.220000
    2.262560    80.803000     7.860000
    2.310320    80.803000     6.740000
    2.358080    80.803000     6.900000
    2.405840    80.803000     7.380000
    2.453600    80.803000    10.100000
    2.501360    80.803000    13.200000
    2.549120    80.803000    13.200000
    2.596880    80.803000    15.900000
    2.644640    80.803000    15.900000
    2.692400    80.803000    15.900000

    1.211840    83.299800    15.900000
    1.259600    83.299800    14.900000
    1.307360    83.299800    14.900000
    1.355120    83.299800    13.200000
    1.402880    83.299800    12.200000
    1.450640    83.299800    10.400000
    1.498400    83.299800    10.900000
    1.546160    83.299800    11.400000
    1.593920    83.299800    11.400000
    1.641680    83.299800    11.400000
    1.689440    83.299800    12.200000
    1.737200    83.299800    11.400000
    1.784960    83.299800     8.980000
    1.832720    83.299800     6.580000
    1.880480    83.299800     4.970000
    1.928240    83.299800     4.490000
    1.976000    83.299800     3.370000
    2.023760    83.299800     4.170000
    2.071520    83.299800     4.330000
    2.119280    83.299800     4.490000
    2.167040    83.299800     4.010000
    2.214800    83.299800     4.970000
    2.262560    83.299800     4.650000
    2.310320    83.299800     4.010000
    2.358080    83.299800     4.650000
    2.405840    83.299800     6.420000
    2.453600    83.299800     8.020000
    2.501360    83.299800     9.780000
    2.549120    83.299800    11.400000
    2.596880    83.299800    15.900000
    2.644640    83.299800    13.200000
    2.692400    83.299800    15.900000

    1.211840    85.796600    15.900000
    1.259600    85.796600    15.900000
    1.307360    85.796600    13.200000
    1.355120    85.796600    11.400000
    1.402880    85.796600    14.900000
    1.450640    85.796600    13.200000
    1.498400    85.796600    15.900000
    1.546160    85.796600    13.200000
    1.593920    85.796600    13.200000
    1.641680    85.796600    10.400000
    1.689440    85.796600    15.900000
    1.737200    85.796600    12.200000
    1.784960    85.796600     7.060000
    1.832720    85.796600     5.930000
    1.880480    85.796600     4.330000
    1.928240    85.796600     3.530000
    1.976000    85.796600     2.890000
    2.023760    85.796600     2.410000
    2.071520    85.796600     1.920000
    2.119280    85.796600     2.250000
    2.167040    85.796600     2.250000
    2.214800    85.796600     3.050000
    2.262560    85.796600     2.250000
    2.310320    85.796600     1.760000
    2.358080    85.796600     2.410000
    2.405840    85.796600     3.850000
    2.453600    85.796600     5.130000
    2.501360    85.796600     8.020000
    2.549120    85.796600     9.460000
    2.596880    85.796600    13.200000
    2.644640    85.796600    12.200000
    2.692400    85.796600    14.900000

    1.211840    88.293400    15.900000
    1.259600    88.293400    14.900000
    1.307360    88.293400    14.900000
    1.355120    88.293400    13.200000
    1.402880    88.293400    14.900000
    1.450640    88.293400    14.900000
    1.498400    88.293400    14.900000
    1.546160    88.293400    15.900000
    1.593920    88.293400    14.900000
    1.641680    88.293400    15.900000
    1.689440    88.293400    10.400000
    1.737200    88.293400     7.540000
    1.784960    88.293400     6.420000
    1.832720    88.293400     4.970000
    1.880480    88.293400     3.370000
    1.928240    88.293400     2.730000
    1.976000    88.293400     1.760000
    2.023760    88.293400     1.280000
    2.071520    88.293400     0.962000
    2.119280    88.293400     0.962000
    2.167040    88.293400     1.120000
    2.214800    88.293400     1.600000
    2.262560    88.293400     1.440000
    2.310320    88.293400     0.962000
    2.358080    88.293400     0.962000
    2.405840    88.293400     1.760000
    2.453600    88.293400     3.050000
    2.501360    88.293400     4.490000
    2.549120    88.293400     8.020000
    2.596880    88.293400     9.780000
    2.644640    88.293400    14.900000
    2.692400    88.293400    15.900000

    1.211840    90.790200    15.900000
    1.259600    90.790200    15.900000
    1.307360    90.790200    15.900000
    1.355120    90.790200    15.900000
    1.402880    90.790200    15.900000
    1.450640    90.790200    15.900000
    1.498400    90.790200    14.900000
    1.546160    90.790200    15.900000
    1.593920    90.790200    15.900000
    1.641680    90.790200    15.900000
    1.689440    90.790200    10.100000
    1.737200    90.790200     8.180000
    1.784960    90.790200     5.930000
    1.832720    90.790200     3.850000
    1.880480    90.790200     3.210000
    1.928240    90.790200     2.080000
    1.976000    90.790200     1.440000
    2.023760    90.790200     1.440000
    2.071520    90.790200     0.642000
    2.119280    90.790200     0.642000
    2.167040    90.790200     1.120000
    2.214800    90.790200     0.962000
    2.262560    90.790200     0.802000
    2.310320    90.790200     0.000000
    2.358080    90.790200     0.321000
    2.405840    90.790200     1.280000
    2.453600    90.790200     2.410000
    2.501360    90.790200     3.690000
    2.549120    90.790200     5.450000
    2.596880    90.790200     7.860000
    2.644640    90.790200    12.200000
    2.692400    90.790200    12.200000

    1.211840    93.287000    15.900000
    1.259600    93.287000    15.900000
    1.307360    93.287000    15.900000
    1.355120    93.287000    15.900000
    1.402880    93.287000    15.900000
    1.450640    93.287000    15.900000
    1.498400    93.287000    15.900000
    1.546160    93.287000    15.900000
    1.593920    93.287000    15.900000
    1.641680    93.287000    15.900000
    1.689440    93.287000    10.400000
    1.737200    93.287000     8.180000
    1.784960    93.287000     6.090000
    1.832720    93.287000     4.970000
    1.880480    93.287000     3.210000
    1.928240    93.287000     2.250000
    1.976000    93.287000     1.600000
    2.023760    93.287000     0.642000
    2.071520    93.287000     0.321000
    2.119280    93.287000     0.321000
    2.167040    93.287000     0.802000
    2.214800    93.287000     0.642000
    2.262560    93.287000     0.321000
    2.310320    93.287000     0.000000
    2.358080    93.287000     0.321000
    2.405840    93.287000     0.642000
    2.453600    93.287000     1.920000
    2.501360    93.287000     3.210000
    2.549120    93.287000     5.610000
    2.596880    93.287000     9.140000
    2.644640    93.287000    10.400000
    2.692400    93.287000    15.900000

    1.211840    95.783800    15.900000
    1.259600    95.783800    15.900000
    1.307360    95.783800    15.900000
    1.355120    95.783800    15.900000
    1.402880    95.783800    15.900000
    1.450640    95.783800    15.900000
    1.498400    95.783800    15.900000
    1.546160    95.783800    15.900000
    1.593920    95.783800    15.900000
    1.641680    95.783800    15.900000
    1.689440    95.783800    15.900000
    1.737200    95.783800     9.140000
    1.784960    95.783800     6.900000
    1.832720    95.783800     4.970000
    1.880480    95.783800     3.690000
    1.928240    95.783800     2.730000
    1.976000    95.783800     1.600000
    2.023760    95.783800     1.120000
    2.071520    95.783800     0.481000
    2.119280    95.783800     0.802000
    2.167040    95.783800     1.280000
    2.214800    95.783800     1.120000
    2.262560    95.783800     0.802000
    2.310320    95.783800     0.481000
    2.358080    95.783800     0.481000
    2.405840    95.783800     0.962000
    2.453600    95.783800     1.920000
    2.501360    95.783800     4.010000
    2.549120    95.783800     5.930000
    2.596880    95.783800     8.340000
    2.644640    95.783800    14.900000
    2.692400    95.783800    15.900000

    1.211840    98.280600    15.900000
    1.259600    98.280600    15.900000
    1.307360    98.280600    15.900000
    1.355120    98.280600    15.900000
    1.402880    98.280600    15.900000
    1.450640    98.280600    15.900000
    1.498400    98.280600    15.900000
    1.546160    98.280600    15.900000
    1.593920    98.280600    15.900000
    1.641680    98.280600    15.900000
    1.689440    98.280600    13.200000
    1.737200    98.280600     8.180000
    1.784960    98.280600     6.580000
    1.832720    98.280600     5.130000
    1.880480    98.280600     4.650000
    1.928240    98.280600     3.530000
    1.976000    98.280600     2.890000
    2.023760    98.280600     1.760000
    2.071520    98.280600     1.440000
    2.119280    98.280600     1.920000
    2.167040    98.280600     2.080000
    2.214800    98.280600     2.080000
    2.262560    98.280600     1.760000
    2.310320    98.280600     1.760000
    2.358080    98.280600     1.600000
    2.405840    98.280600     2.570000
    2.453600    98.280600     3.370000
    2.501360    98.280600     4.650000
    2.549120    98.280600     7.380000
    2.596880    98.280600    10.100000
    2.644640    98.280600    14.900000
    2.692400    98.280600    15.900000

    1.211840   100.777400    15.900000
    1.259600   100.777400    15.900000
    1.307360   100.777400    15.900000
    1.355120   100.777400    15.900000
    1.402880   100.777400    15.900000
    1.450640   100.777400    15.900000
    1.498400   100.777400    15.900000
    1.546160   100.777400    15.900000
    1.593920   100.777400    15.900000
    1.641680   100.777400    15.900000
    1.689440   100.777400    12.200000
    1.737200   100.777400    10.400000
    1.784960   100.777400     1.020000
    1.832720   100.777400     5.930000
    1.880480   100.777400     5.450000
    1.928240   100.777400     4.970000
    1.976000   100.777400     4.010000
    2.023760   100.777400     3.050000
    2.071520   100.777400     2.890000
    2.119280   100.777400     2.890000
    2.167040   100.777400     3.370000
    2.214800   100.777400     3.210000
    2.262560   100.777400     3.050000
    2.310320   100.777400     3.210000
    2.358080   100.777400     3.530000
    2.405840   100.777400     4.650000
    2.453600   100.777400     4.970000
    2.501360   100.777400     6.420000
    2.549120   100.777400     9.460000
    2.596880   100.777400    10.900000
    2.644640   100.777400    14.900000
    2.692400   100.777400    15.900000

    1.211840   103.274200    15.900000
    1.259600   103.274200    15.900000
    1.307360   103.274200    15.900000
    1.355120   103.274200    15.900000
    1.402880   103.274200    15.900000
    1.450640   103.274200    15.900000
    1.498400   103.274200    15.900000
    1.546160   103.274200    15.900000
    1.593920   103.274200    15.900000
    1.641680   103.274200    15.900000
    1.689440   103.274200    15.900000
    1.737200   103.274200    14.900000
    1.784960   103.274200    10.100000
    1.832720   103.274200     6.580000
    1.880480   103.274200     7.380000
    1.928240   103.274200     6.090000
    1.976000   103.274200     5.770000
    2.023760   103.274200     4.970000
    2.071520   103.274200     4.010000
    2.119280   103.274200     4.010000
    2.167040   103.274200     4.650000
    2.214800   103.274200     5.450000
    2.262560   103.274200     2.610000
    2.310320   103.274200     0.610000
    2.358080   103.274200     2.130000
    2.405840   103.274200     5.450000
    2.453600   103.274200     6.900000
    2.501360   103.274200     8.980000
    2.549120   103.274200     9.460000
    2.596880   103.274200    10.400000
    2.644640   103.274200    13.200000
    2.692400   103.274200    15.900000

    1.211840   105.771000    15.900000
    1.259600   105.771000    15.900000
    1.307360   105.771000    15.900000
    1.355120   105.771000    15.900000
    1.402880   105.771000    15.900000
    1.450640   105.771000    15.900000
    1.498400   105.771000    15.900000
    1.546160   105.771000    15.900000
    1.593920   105.771000    15.900000
    1.641680   105.771000    14.900000
    1.689440   105.771000    15.900000
    1.737200   105.771000    14.900000
    1.784960   105.771000    11.400000
    1.832720   105.771000     9.460000
    1.880480   105.771000     9.140000
    1.928240   105.771000     7.700000
    1.976000   105.771000     7.380000
    2.023760   105.771000     6.740000
    2.071520   105.771000     6.060000
    2.119280   105.771000     5.420000
    2.167040   105.771000     3.380000
    2.214800   105.771000     3.740000
    2.262560   105.771000     1.060000
    2.310320   105.771000     2.420000
    2.358080   105.771000     2.220000
    2.405840   105.771000     4.900000
    2.453600   105.771000     7.700000
    2.501360   105.771000     7.860000
    2.549120   105.771000    10.900000
    2.596880   105.771000    13.200000
    2.644640   105.771000    13.200000
    2.692400   105.771000    15.900000

    1.211840   108.267800    15.900000
    1.259600   108.267800    15.900000
    1.307360   108.267800    15.900000
    1.355120   108.267800    15.900000
    1.402880   108.267800    15.900000
    1.450640   108.267800    15.900000
    1.498400   108.267800    15.900000
    1.546160   108.267800    15.900000
    1.593920   108.267800    15.900000
    1.641680   108.267800    15.900000
    1.689440   108.267800    15.900000
    1.737200   108.267800    14.900000
    1.784960   108.267800    13.200000
    1.832720   108.267800    11.400000
    1.880480   108.267800    10.400000
    1.928240   108.267800    12.200000
    1.976000   108.267800    10.400000
    2.023760   108.267800    10.900000
    2.071520   108.267800     7.500000
    2.119280   108.267800     7.980000
    2.167040   108.267800     5.980000
    2.214800   108.267800     5.780000
    2.262560   108.267800    10.900000
    2.310320   108.267800     4.500000
    2.358080   108.267800     2.180000
    2.405840   108.267800     4.340000
    2.453600   108.267800     3.700000
    2.501360   108.267800    10.100000
    2.549120   108.267800    10.400000
    2.596880   108.267800    13.200000
    2.644640   108.267800    14.900000
    2.692400   108.267800    15.900000

    1.211840   110.764600    15.900000
    1.259600   110.764600    15.900000
    1.307360   110.764600    15.900000
    1.355120   110.764600    15.900000
    1.402880   110.764600    15.900000
    1.450640   110.764600    15.900000
    1.498400   110.764600    15.900000
    1.546160   110.764600    15.900000
    1.593920   110.764600    15.900000
    1.641680   110.764600    15.900000
    1.689440   110.764600    15.900000
    1.737200   110.764600    15.900000
    1.784960   110.764600    13.200000
    1.832720   110.764600    14.900000
    1.880480   110.764600    14.900000
    1.928240   110.764600    15.900000
    1.976000   110.764600    14.900000
    2.023760   110.764600    14.900000
    2.071520   110.764600    10.200000
    2.119280   110.764600     5.780000
    2.167040   110.764600     9.400000
    2.214800   110.764600     7.400000
    2.262560   110.764600     6.460000
    2.310320   110.764600     4.400000
    2.358080   110.764600     4.400000
    2.405840   110.764600     7.980000
    2.453600   110.764600    10.400000
    2.501360   110.764600    10.200000
    2.549120   110.764600    12.900000
    2.596880   110.764600    15.900000
    2.644640   110.764600    15.900000
    2.692400   110.764600    15.900000

    1.211840   113.261400    15.900000
    1.259600   113.261400    15.900000
    1.307360   113.261400    15.900000
    1.355120   113.261400    15.900000
    1.402880   113.261400    15.900000
    1.450640   113.261400    15.900000
    1.498400   113.261400    15.900000
    1.546160   113.261400    15.900000
    1.593920   113.261400    15.900000
    1.641680   113.261400    15.900000
    1.689440   113.261400    15.900000
    1.737200   113.261400    15.900000
    1.784960   113.261400    13.200000
    1.832720   113.261400    13.200000
    1.880480   113.261400    12.200000
    1.928240   113.261400    13.200000
    1.976000   113.261400    14.900000
    2.023760   113.261400    14.900000
    2.071520   113.261400    14.900000
    2.119280   113.261400    10.900000
    2.167040   113.261400     9.400000
    2.214800   113.261400    13.200000
    2.262560   113.261400    12.200000
    2.310320   113.261400    14.900000
    2.358080   113.261400    13.200000
    2.405840   113.261400    13.200000
    2.453600   113.261400    13.200000
    2.501360   113.261400    15.900000
    2.549120   113.261400    14.900000
    2.596880   113.261400    15.900000
    2.644640   113.261400    15.900000
    2.692400   113.261400    15.900000

    1.211840   115.758200    15.900000
    1.259600   115.758200    15.900000
    1.307360   115.758200    15.900000
    1.355120   115.758200    15.900000
    1.402880   115.758200    15.900000
    1.450640   115.758200    15.900000
    1.498400   115.758200    15.900000
    1.546160   115.758200    15.900000
    1.593920   115.758200    15.900000
    1.641680   115.758200    15.900000
    1.689440   115.758200    15.900000
    1.737200   115.758200    15.900000
    1.784960   115.758200    14.900000
    1.832720   115.758200    13.200000
    1.880480   115.758200    15.900000
    1.928240   115.758200    15.900000
    1.976000   115.758200    15.900000
    2.023760   115.758200    15.900000
    2.071520   115.758200    15.900000
    2.119280   115.758200    14.900000
    2.167040   115.758200    15.900000
    2.214800   115.758200    15.900000
    2.262560   115.758200    13.200000
    2.310320   115.758200    15.900000
    2.358080   115.758200    15.900000
    2.405840   115.758200    15.900000
    2.453600   115.758200    15.900000
    2.501360   115.758200    15.900000
    2.549120   115.758200    15.900000
    2.596880   115.758200    15.900000
    2.644640   115.758200    15.900000
    2.692400   115.758200    15.900000

