#    Nx=32    Ny=32    X0=4.0488    dX=0.23203    Y0=78.1195    dY=2.738
#    x            y            z
    4.048800    78.119500    15.500000
    4.280830    78.119500    15.500000
    4.512860    78.119500    15.500000
    4.744890    78.119500    15.500000
    4.976920    78.119500    15.500000
    5.208950    78.119500    15.500000
    5.440980    78.119500    15.500000
    5.673010    78.119500    15.500000
    5.905040    78.119500    15.500000
    6.137070    78.119500    15.500000
    6.369100    78.119500    15.500000
    6.601130    78.119500    15.500000
    6.833160    78.119500    15.500000
    7.065190    78.119500    15.500000
    7.297220    78.119500    15.500000
    7.529250    78.119500    15.500000
    7.761280    78.119500    15.500000
    7.993310    78.119500    15.500000
    8.225340    78.119500    15.500000
    8.457370    78.119500    15.500000
    8.689400    78.119500    14.600000
    8.921430    78.119500    14.600000
    9.153460    78.119500    15.500000
    9.385490    78.119500    15.500000
    9.617520    78.119500    15.500000
    9.849550    78.119500    15.500000
   10.081580    78.119500    15.500000
   10.313610    78.119500    15.500000
   10.545640    78.119500    15.500000
   10.777670    78.119500    15.500000
   11.009700    78.119500    15.500000
   11.241730    78.119500    15.500000

    4.048800    80.857500    15.500000
    4.280830    80.857500    15.500000
    4.512860    80.857500    15.500000
    4.744890    80.857500    15.500000
    4.976920    80.857500    15.500000
    5.208950    80.857500    15.500000
    5.440980    80.857500    15.500000
    5.673010    80.857500    15.500000
    5.905040    80.857500    15.500000
    6.137070    80.857500    15.500000
    6.369100    80.857500    15.500000
    6.601130    80.857500    15.500000
    6.833160    80.857500    15.500000
    7.065190    80.857500    15.500000
    7.297220    80.857500    15.500000
    7.529250    80.857500    15.500000
    7.761280    80.857500    15.500000
    7.993310    80.857500    15.500000
    8.225340    80.857500    14.600000
    8.457370    80.857500    14.600000
    8.689400    80.857500    12.900000
    8.921430    80.857500    15.500000
    9.153460    80.857500    14.600000
    9.385490    80.857500    15.500000
    9.617520    80.857500    15.500000
    9.849550    80.857500    15.500000
   10.081580    80.857500    15.500000
   10.313610    80.857500    15.500000
   10.545640    80.857500    15.500000
   10.777670    80.857500    15.500000
   11.009700    80.857500    15.500000
   11.241730    80.857500    15.500000

    4.048800    83.595500    15.500000
    4.280830    83.595500    15.500000
    4.512860    83.595500    15.500000
    4.744890    83.595500    15.500000
    4.976920    83.595500    15.500000
    5.208950    83.595500    15.500000
    5.440980    83.595500    15.500000
    5.673010    83.595500    15.500000
    5.905040    83.595500    15.500000
    6.137070    83.595500    15.500000
    6.369100    83.595500    15.500000
    6.601130    83.595500    15.500000
    6.833160    83.595500    15.500000
    7.065190    83.595500    15.500000
    7.297220    83.595500    15.500000
    7.529250    83.595500    15.500000
    7.761280    83.595500    14.600000
    7.993310    83.595500    15.500000
    8.225340    83.595500    15.500000
    8.457370    83.595500    14.600000
    8.689400    83.595500    14.600000
    8.921430    83.595500    15.500000
    9.153460    83.595500    15.500000
    9.385490    83.595500    15.500000
    9.617520    83.595500    15.500000
    9.849550    83.595500    15.500000
   10.081580    83.595500    15.500000
   10.313610    83.595500    15.500000
   10.545640    83.595500    15.500000
   10.777670    83.595500    15.500000
   11.009700    83.595500    15.500000
   11.241730    83.595500    15.500000

    4.048800    86.333500    15.500000
    4.280830    86.333500    15.500000
    4.512860    86.333500    15.500000
    4.744890    86.333500    15.500000
    4.976920    86.333500    15.500000
    5.208950    86.333500    15.500000
    5.440980    86.333500    15.500000
    5.673010    86.333500    15.500000
    5.905040    86.333500    15.500000
    6.137070    86.333500    15.500000
    6.369100    86.333500    15.500000
    6.601130    86.333500    15.500000
    6.833160    86.333500    15.500000
    7.065190    86.333500    15.500000
    7.297220    86.333500    15.500000
    7.529250    86.333500    15.500000
    7.761280    86.333500    15.500000
    7.993310    86.333500    14.600000
    8.225340    86.333500    11.200000
    8.457370    86.333500    15.500000
    8.689400    86.333500    14.600000
    8.921430    86.333500    11.800000
    9.153460    86.333500    12.900000
    9.385490    86.333500    15.500000
    9.617520    86.333500    15.500000
    9.849550    86.333500    15.500000
   10.081580    86.333500    15.500000
   10.313610    86.333500    15.500000
   10.545640    86.333500    15.500000
   10.777670    86.333500    15.500000
   11.009700    86.333500    15.500000
   11.241730    86.333500    15.500000

    4.048800    89.071500    15.500000
    4.280830    89.071500    15.500000
    4.512860    89.071500    15.500000
    4.744890    89.071500    15.500000
    4.976920    89.071500    15.500000
    5.208950    89.071500    15.500000
    5.440980    89.071500    15.500000
    5.673010    89.071500    15.500000
    5.905040    89.071500    15.500000
    6.137070    89.071500    15.500000
    6.369100    89.071500    15.500000
    6.601130    89.071500    15.500000
    6.833160    89.071500    15.500000
    7.065190    89.071500    14.600000
    7.297220    89.071500    14.600000
    7.529250    89.071500    10.500000
    7.761280    89.071500    12.900000
    7.993310    89.071500    11.800000
    8.225340    89.071500    11.800000
    8.457370    89.071500    10.500000
    8.689400    89.071500    10.500000
    8.921430    89.071500    12.900000
    9.153460    89.071500    11.800000
    9.385490    89.071500    12.900000
    9.617520    89.071500    15.500000
    9.849550    89.071500    15.500000
   10.081580    89.071500    15.500000
   10.313610    89.071500    15.500000
   10.545640    89.071500    15.500000
   10.777670    89.071500    15.500000
   11.009700    89.071500    15.500000
   11.241730    89.071500    15.500000

    4.048800    91.809500    15.500000
    4.280830    91.809500    15.500000
    4.512860    91.809500    15.500000
    4.744890    91.809500    15.500000
    4.976920    91.809500    15.500000
    5.208950    91.809500    15.500000
    5.440980    91.809500    15.500000
    5.673010    91.809500    15.500000
    5.905040    91.809500    15.500000
    6.137070    91.809500    15.500000
    6.369100    91.809500    14.600000
    6.601130    91.809500    14.600000
    6.833160    91.809500    12.900000
    7.065190    91.809500    14.600000
    7.297220    91.809500    11.800000
    7.529250    91.809500    11.200000
    7.761280    91.809500    11.200000
    7.993310    91.809500     9.110000
    8.225340    91.809500     9.110000
    8.457370    91.809500     7.380000
    8.689400    91.809500     7.540000
    8.921430    91.809500     9.740000
    9.153460    91.809500    10.500000
    9.385490    91.809500    11.800000
    9.617520    91.809500    12.900000
    9.849550    91.809500    15.500000
   10.081580    91.809500    15.500000
   10.313610    91.809500    15.500000
   10.545640    91.809500    15.500000
   10.777670    91.809500    15.500000
   11.009700    91.809500    15.500000
   11.241730    91.809500    15.500000

    4.048800    94.547500    15.500000
    4.280830    94.547500    15.500000
    4.512860    94.547500    15.500000
    4.744890    94.547500    15.500000
    4.976920    94.547500    15.500000
    5.208950    94.547500    15.500000
    5.440980    94.547500    15.500000
    5.673010    94.547500    15.500000
    5.905040    94.547500    15.500000
    6.137070    94.547500    15.500000
    6.369100    94.547500    15.500000
    6.601130    94.547500    11.800000
    6.833160    94.547500    11.200000
    7.065190    94.547500    10.100000
    7.297220    94.547500     9.420000
    7.529250    94.547500     8.320000
    7.761280    94.547500     9.420000
    7.993310    94.547500     7.070000
    8.225340    94.547500     6.750000
    8.457370    94.547500     5.500000
    8.689400    94.547500     6.130000
    8.921430    94.547500     7.700000
    9.153460    94.547500     9.740000
    9.385490    94.547500    15.500000
    9.617520    94.547500    15.500000
    9.849550    94.547500    14.600000
   10.081580    94.547500    15.500000
   10.313610    94.547500    15.500000
   10.545640    94.547500    15.500000
   10.777670    94.547500    15.500000
   11.009700    94.547500    15.500000
   11.241730    94.547500    15.500000

    4.048800    97.285500    15.500000
    4.280830    97.285500    15.500000
    4.512860    97.285500    15.500000
    4.744890    97.285500    15.500000
    4.976920    97.285500    15.500000
    5.208950    97.285500    15.500000
    5.440980    97.285500    15.500000
    5.673010    97.285500    15.500000
    5.905040    97.285500    14.600000
    6.137070    97.285500    15.500000
    6.369100    97.285500    14.600000
    6.601130    97.285500    12.900000
    6.833160    97.285500     9.110000
    7.065190    97.285500     8.800000
    7.297220    97.285500     7.700000
    7.529250    97.285500     7.850000
    7.761280    97.285500     6.130000
    7.993310    97.285500     4.870000
    8.225340    97.285500     5.180000
    8.457370    97.285500     4.710000
    8.689400    97.285500     4.870000
    8.921430    97.285500     6.130000
    9.153460    97.285500     7.230000
    9.385490    97.285500     9.110000
    9.617520    97.285500    12.900000
    9.849550    97.285500    14.600000
   10.081580    97.285500    15.500000
   10.313610    97.285500    15.500000
   10.545640    97.285500    15.500000
   10.777670    97.285500    15.500000
   11.009700    97.285500    15.500000
   11.241730    97.285500    15.500000

    4.048800   100.023500    15.500000
    4.280830   100.023500    15.500000
    4.512860   100.023500    15.500000
    4.744890   100.023500    15.500000
    4.976920   100.023500    15.500000
    5.208950   100.023500    15.500000
    5.440980   100.023500    15.500000
    5.673010   100.023500    15.500000
    5.905040   100.023500    15.500000
    6.137070   100.023500    14.600000
    6.369100   100.023500    12.900000
    6.601130   100.023500    10.100000
    6.833160   100.023500     7.380000
    7.065190   100.023500     6.600000
    7.297220   100.023500     6.440000
    7.529250   100.023500     5.500000
    7.761280   100.023500     5.650000
    7.993310   100.023500     4.400000
    8.225340   100.023500     3.610000
    8.457370   100.023500     3.140000
    8.689400   100.023500     3.610000
    8.921430   100.023500     4.870000
    9.153460   100.023500     6.600000
    9.385490   100.023500     7.850000
    9.617520   100.023500     9.420000
    9.849550   100.023500    11.800000
   10.081580   100.023500    14.600000
   10.313610   100.023500    15.500000
   10.545640   100.023500    15.500000
   10.777670   100.023500    15.500000
   11.009700   100.023500    15.500000
   11.241730   100.023500    15.500000

    4.048800   102.761500    15.500000
    4.280830   102.761500    15.500000
    4.512860   102.761500    15.500000
    4.744890   102.761500    15.500000
    4.976920   102.761500    15.500000
    5.208950   102.761500    15.500000
    5.440980   102.761500    15.500000
    5.673010   102.761500    14.600000
    5.905040   102.761500    14.600000
    6.137070   102.761500    15.500000
    6.369100   102.761500    11.200000
    6.601130   102.761500     8.800000
    6.833160   102.761500     7.540000
    7.065190   102.761500     6.280000
    7.297220   102.761500     5.650000
    7.529250   102.761500     4.870000
    7.761280   102.761500     4.550000
    7.993310   102.761500     3.300000
    8.225340   102.761500     2.360000
    8.457370   102.761500     2.200000
    8.689400   102.761500     3.300000
    8.921430   102.761500     4.240000
    9.153460   102.761500     5.500000
    9.385490   102.761500     6.600000
    9.617520   102.761500     9.110000
    9.849550   102.761500    12.900000
   10.081580   102.761500    15.500000
   10.313610   102.761500    14.600000
   10.545640   102.761500    15.500000
   10.777670   102.761500    15.500000
   11.009700   102.761500    15.500000
   11.241730   102.761500    15.500000

    4.048800   105.499500    15.500000
    4.280830   105.499500    15.500000
    4.512860   105.499500    15.500000
    4.744890   105.499500    15.500000
    4.976920   105.499500    15.500000
    5.208950   105.499500    15.500000
    5.440980   105.499500    15.500000
    5.673010   105.499500    15.500000
    5.905040   105.499500    15.500000
    6.137070   105.499500    12.900000
    6.369100   105.499500    11.800000
    6.601130   105.499500     7.700000
    6.833160   105.499500     7.700000
    7.065190   105.499500     6.440000
    7.297220   105.499500     6.750000
    7.529250   105.499500     5.030000
    7.761280   105.499500     4.550000
    7.993310   105.499500     2.830000
    8.225340   105.499500     1.730000
    8.457370   105.499500     1.570000
    8.689400   105.499500     1.880000
    8.921430   105.499500     3.460000
    9.153460   105.499500     4.550000
    9.385490   105.499500     5.970000
    9.617520   105.499500     8.170000
    9.849550   105.499500    14.600000
   10.081580   105.499500    14.600000
   10.313610   105.499500    15.500000
   10.545640   105.499500    15.500000
   10.777670   105.499500    15.500000
   11.009700   105.499500    15.500000
   11.241730   105.499500    15.500000

    4.048800   108.237500    15.500000
    4.280830   108.237500    15.500000
    4.512860   108.237500    15.500000
    4.744890   108.237500    15.500000
    4.976920   108.237500    15.500000
    5.208950   108.237500    15.500000
    5.440980   108.237500    15.500000
    5.673010   108.237500    14.600000
    5.905040   108.237500    14.600000
    6.137070   108.237500     9.740000
    6.369100   108.237500    11.800000
    6.601130   108.237500     9.110000
    6.833160   108.237500     7.070000
    7.065190   108.237500     7.230000
    7.297220   108.237500     7.230000
    7.529250   108.237500     6.440000
    7.761280   108.237500     4.550000
    7.993310   108.237500     2.510000
    8.225340   108.237500     0.942000
    8.457370   108.237500     0.942000
    8.689400   108.237500     1.410000
    8.921430   108.237500     2.980000
    9.153460   108.237500     3.930000
    9.385490   108.237500     5.970000
    9.617520   108.237500     8.010000
    9.849550   108.237500    11.200000
   10.081580   108.237500    15.500000
   10.313610   108.237500    15.500000
   10.545640   108.237500    15.500000
   10.777670   108.237500    15.500000
   11.009700   108.237500    15.500000
   11.241730   108.237500    15.500000

    4.048800   110.975500    15.500000
    4.280830   110.975500    15.500000
    4.512860   110.975500    15.500000
    4.744890   110.975500    15.500000
    4.976920   110.975500    15.500000
    5.208950   110.975500    15.500000
    5.440980   110.975500    15.500000
    5.673010   110.975500    15.500000
    5.905040   110.975500    12.900000
    6.137070   110.975500    11.800000
    6.369100   110.975500     9.740000
    6.601130   110.975500    10.100000
    6.833160   110.975500     9.420000
    7.065190   110.975500     8.800000
    7.297220   110.975500     8.170000
    7.529250   110.975500     6.440000
    7.761280   110.975500     3.610000
    7.993310   110.975500     1.880000
    8.225340   110.975500     0.785000
    8.457370   110.975500     0.471000
    8.689400   110.975500     1.260000
    8.921430   110.975500     2.200000
    9.153460   110.975500     3.140000
    9.385490   110.975500     6.130000
    9.617520   110.975500     9.110000
    9.849550   110.975500    10.100000
   10.081580   110.975500    15.500000
   10.313610   110.975500    14.600000
   10.545640   110.975500    15.500000
   10.777670   110.975500    15.500000
   11.009700   110.975500    14.600000
   11.241730   110.975500    15.500000

    4.048800   113.713500    15.500000
    4.280830   113.713500    15.500000
    4.512860   113.713500    15.500000
    4.744890   113.713500    15.500000
    4.976920   113.713500    15.500000
    5.208950   113.713500    14.600000
    5.440980   113.713500    15.500000
    5.673010   113.713500    11.800000
    5.905040   113.713500    10.500000
    6.137070   113.713500     9.740000
    6.369100   113.713500     9.740000
    6.601130   113.713500     9.110000
    6.833160   113.713500    10.100000
    7.065190   113.713500     9.740000
    7.297220   113.713500     8.320000
    7.529250   113.713500     6.130000
    7.761280   113.713500     3.770000
    7.993310   113.713500     1.730000
    8.225340   113.713500     0.471000
    8.457370   113.713500     0.000000
    8.689400   113.713500     0.785000
    8.921430   113.713500     2.200000
    9.153460   113.713500     3.770000
    9.385490   113.713500     6.440000
    9.617520   113.713500     8.170000
    9.849550   113.713500    11.800000
   10.081580   113.713500    15.500000
   10.313610   113.713500    14.600000
   10.545640   113.713500    15.500000
   10.777670   113.713500    15.500000
   11.009700   113.713500    15.500000
   11.241730   113.713500    15.500000

    4.048800   116.451500    15.500000
    4.280830   116.451500    15.500000
    4.512860   116.451500    15.500000
    4.744890   116.451500    15.500000
    4.976920   116.451500    14.600000
    5.208950   116.451500    14.600000
    5.440980   116.451500    15.500000
    5.673010   116.451500     8.800000
    5.905040   116.451500     8.640000
    6.137070   116.451500     9.740000
    6.369100   116.451500    10.500000
    6.601130   116.451500    11.800000
    6.833160   116.451500    11.200000
    7.065190   116.451500    11.200000
    7.297220   116.451500     8.010000
    7.529250   116.451500     6.600000
    7.761280   116.451500     3.610000
    7.993310   116.451500     1.570000
    8.225340   116.451500     0.628000
    8.457370   116.451500     0.314000
    8.689400   116.451500     0.628000
    8.921430   116.451500     2.040000
    9.153460   116.451500     4.080000
    9.385490   116.451500     5.810000
    9.617520   116.451500     9.740000
    9.849550   116.451500    15.500000
   10.081580   116.451500    12.900000
   10.313610   116.451500    15.500000
   10.545640   116.451500    15.500000
   10.777670   116.451500    15.500000
   11.009700   116.451500    15.500000
   11.241730   116.451500    14.600000

    4.048800   119.189500    15.500000
    4.280830   119.189500    15.500000
    4.512860   119.189500    15.500000
    4.744890   119.189500    15.500000
    4.976920   119.189500    14.600000
    5.208950   119.189500    11.200000
    5.440980   119.189500    12.900000
    5.673010   119.189500    10.500000
    5.905040   119.189500     9.740000
    6.137070   119.189500     7.700000
    6.369100   119.189500     8.640000
    6.601130   119.189500     9.420000
    6.833160   119.189500     9.420000
    7.065190   119.189500     8.800000
    7.297220   119.189500     7.700000
    7.529250   119.189500     6.130000
    7.761280   119.189500     2.670000
    7.993310   119.189500     1.410000
    8.225340   119.189500     0.157000
    8.457370   119.189500     0.314000
    8.689400   119.189500     1.100000
    8.921430   119.189500     2.360000
    9.153460   119.189500     4.080000
    9.385490   119.189500     6.130000
    9.617520   119.189500     9.110000
    9.849550   119.189500    11.800000
   10.081580   119.189500    14.600000
   10.313610   119.189500    15.500000
   10.545640   119.189500    15.500000
   10.777670   119.189500    15.500000
   11.009700   119.189500    15.500000
   11.241730   119.189500    15.500000

    4.048800   121.927500    15.500000
    4.280830   121.927500    15.500000
    4.512860   121.927500    15.500000
    4.744890   121.927500    15.500000
    4.976920   121.927500    15.500000
    5.208950   121.927500    14.600000
    5.440980   121.927500    11.200000
    5.673010   121.927500    11.800000
    5.905040   121.927500     9.110000
    6.137070   121.927500     9.420000
    6.369100   121.927500     8.800000
    6.601130   121.927500    10.500000
    6.833160   121.927500    10.500000
    7.065190   121.927500     8.170000
    7.297220   121.927500     8.640000
    7.529250   121.927500     4.240000
    7.761280   121.927500     2.510000
    7.993310   121.927500     1.100000
    8.225340   121.927500     0.314000
    8.457370   121.927500     0.628000
    8.689400   121.927500     1.570000
    8.921430   121.927500     2.830000
    9.153460   121.927500     4.710000
    9.385490   121.927500     6.600000
    9.617520   121.927500    10.500000
    9.849550   121.927500    11.800000
   10.081580   121.927500    14.600000
   10.313610   121.927500    15.500000
   10.545640   121.927500    15.500000
   10.777670   121.927500    15.500000
   11.009700   121.927500    15.500000
   11.241730   121.927500    15.500000

    4.048800   124.665500    15.500000
    4.280830   124.665500    15.500000
    4.512860   124.665500    14.600000
    4.744890   124.665500    15.500000
    4.976920   124.665500    14.600000
    5.208950   124.665500    11.200000
    5.440980   124.665500     9.740000
    5.673010   124.665500    10.500000
    5.905040   124.665500     9.110000
    6.137070   124.665500    11.200000
    6.369100   124.665500    10.100000
    6.601130   124.665500    11.200000
    6.833160   124.665500    10.500000
    7.065190   124.665500     9.110000
    7.297220   124.665500     5.650000
    7.529250   124.665500     3.930000
    7.761280   124.665500     2.200000
    7.993310   124.665500     1.100000
    8.225340   124.665500     0.785000
    8.457370   124.665500     0.785000
    8.689400   124.665500     1.730000
    8.921430   124.665500     3.460000
    9.153460   124.665500     4.710000
    9.385490   124.665500     7.540000
    9.617520   124.665500    10.100000
    9.849550   124.665500    11.800000
   10.081580   124.665500    15.500000
   10.313610   124.665500    15.500000
   10.545640   124.665500    15.500000
   10.777670   124.665500    15.500000
   11.009700   124.665500    15.500000
   11.241730   124.665500    15.500000

    4.048800   127.403500    15.500000
    4.280830   127.403500    14.600000
    4.512860   127.403500    15.500000
    4.744890   127.403500    12.900000
    4.976920   127.403500    14.600000
    5.208950   127.403500    12.900000
    5.440980   127.403500    10.100000
    5.673010   127.403500     7.850000
    5.905040   127.403500     8.170000
    6.137070   127.403500     7.700000
    6.369100   127.403500    12.900000
    6.601130   127.403500    11.800000
    6.833160   127.403500     9.420000
    7.065190   127.403500     8.640000
    7.297220   127.403500     5.030000
    7.529250   127.403500     3.610000
    7.761280   127.403500     2.200000
    7.993310   127.403500     1.260000
    8.225340   127.403500     0.628000
    8.457370   127.403500     0.628000
    8.689400   127.403500     1.880000
    8.921430   127.403500     3.610000
    9.153460   127.403500     5.180000
    9.385490   127.403500     7.540000
    9.617520   127.403500     8.800000
    9.849550   127.403500    12.900000
   10.081580   127.403500    14.600000
   10.313610   127.403500    15.500000
   10.545640   127.403500    15.500000
   10.777670   127.403500    15.500000
   11.009700   127.403500    15.500000
   11.241730   127.403500    15.500000

    4.048800   130.141500    15.500000
    4.280830   130.141500    15.500000
    4.512860   130.141500    12.900000
    4.744890   130.141500     8.800000
    4.976920   130.141500     9.110000
    5.208950   130.141500     7.700000
    5.440980   130.141500     5.810000
    5.673010   130.141500     5.030000
    5.905040   130.141500     4.400000
    6.137070   130.141500     5.340000
    6.369100   130.141500     6.750000
    6.601130   130.141500     7.070000
    6.833160   130.141500     8.320000
    7.065190   130.141500     6.440000
    7.297220   130.141500     4.550000
    7.529250   130.141500     3.140000
    7.761280   130.141500     1.570000
    7.993310   130.141500     0.628000
    8.225340   130.141500     0.471000
    8.457370   130.141500     0.628000
    8.689400   130.141500     1.100000
    8.921430   130.141500     2.980000
    9.153460   130.141500     5.650000
    9.385490   130.141500     8.170000
    9.617520   130.141500    15.500000
    9.849550   130.141500    14.600000
   10.081580   130.141500    12.900000
   10.313610   130.141500    15.500000
   10.545640   130.141500    15.500000
   10.777670   130.141500    15.500000
   11.009700   130.141500    15.500000
   11.241730   130.141500    15.500000

    4.048800   132.879500    15.500000
    4.280830   132.879500    14.600000
    4.512860   132.879500     9.110000
    4.744890   132.879500     5.650000
    4.976920   132.879500     5.810000
    5.208950   132.879500     5.340000
    5.440980   132.879500     3.610000
    5.673010   132.879500     2.670000
    5.905040   132.879500     2.830000
    6.137070   132.879500     3.140000
    6.369100   132.879500     4.240000
    6.601130   132.879500     5.810000
    6.833160   132.879500     6.130000
    7.065190   132.879500     5.340000
    7.297220   132.879500     4.400000
    7.529250   132.879500     2.670000
    7.761280   132.879500     1.570000
    7.993310   132.879500     0.314000
    8.225340   132.879500     0.000000
    8.457370   132.879500     0.314000
    8.689400   132.879500     1.570000
    8.921430   132.879500     3.300000
    9.153460   132.879500     5.340000
    9.385490   132.879500     7.540000
    9.617520   132.879500    11.200000
    9.849550   132.879500    15.500000
   10.081580   132.879500    15.500000
   10.313610   132.879500    15.500000
   10.545640   132.879500    15.500000
   10.777670   132.879500    15.500000
   11.009700   132.879500    15.500000
   11.241730   132.879500    15.500000

    4.048800   135.617500    14.600000
    4.280830   135.617500    10.500000
    4.512860   135.617500     7.230000
    4.744890   135.617500     3.300000
    4.976920   135.617500     3.300000
    5.208950   135.617500     3.140000
    5.440980   135.617500     2.360000
    5.673010   135.617500     1.410000
    5.905040   135.617500     1.880000
    6.137070   135.617500     2.510000
    6.369100   135.617500     3.610000
    6.601130   135.617500     4.870000
    6.833160   135.617500     5.970000
    7.065190   135.617500     5.180000
    7.297220   135.617500     4.080000
    7.529250   135.617500     2.510000
    7.761280   135.617500     1.410000
    7.993310   135.617500     0.314000
    8.225340   135.617500     0.157000
    8.457370   135.617500     0.471000
    8.689400   135.617500     1.880000
    8.921430   135.617500     3.300000
    9.153460   135.617500     5.650000
    9.385490   135.617500     9.420000
    9.617520   135.617500    14.600000
    9.849550   135.617500    15.500000
   10.081580   135.617500    14.600000
   10.313610   135.617500    15.500000
   10.545640   135.617500    15.500000
   10.777670   135.617500    15.500000
   11.009700   135.617500    15.500000
   11.241730   135.617500    15.500000

    4.048800   138.355500    14.600000
    4.280830   138.355500     9.420000
    4.512860   138.355500     4.240000
    4.744890   138.355500     1.730000
    4.976920   138.355500     1.570000
    5.208950   138.355500     2.040000
    5.440980   138.355500     1.410000
    5.673010   138.355500     1.730000
    5.905040   138.355500     1.570000
    6.137070   138.355500     2.670000
    6.369100   138.355500     3.300000
    6.601130   138.355500     4.550000
    6.833160   138.355500     6.440000
    7.065190   138.355500     6.280000
    7.297220   138.355500     4.870000
    7.529250   138.355500     3.610000
    7.761280   138.355500     2.510000
    7.993310   138.355500     1.260000
    8.225340   138.355500     0.628000
    8.457370   138.355500     1.260000
    8.689400   138.355500     2.510000
    8.921430   138.355500     3.460000
    9.153460   138.355500     6.130000
    9.385490   138.355500     8.800000
    9.617520   138.355500    14.600000
    9.849550   138.355500    14.600000
   10.081580   138.355500    15.500000
   10.313610   138.355500    15.500000
   10.545640   138.355500    15.500000
   10.777670   138.355500    15.500000
   11.009700   138.355500    15.500000
   11.241730   138.355500    15.500000

    4.048800   141.093500    14.600000
    4.280830   141.093500     9.420000
    4.512860   141.093500     3.460000
    4.744890   141.093500     1.100000
    4.976920   141.093500     1.260000
    5.208950   141.093500     2.200000
    5.440980   141.093500     1.410000
    5.673010   141.093500     1.570000
    5.905040   141.093500     2.040000
    6.137070   141.093500     3.140000
    6.369100   141.093500     3.770000
    6.601130   141.093500     5.500000
    6.833160   141.093500     6.910000
    7.065190   141.093500     6.600000
    7.297220   141.093500     6.130000
    7.529250   141.093500     5.030000
    7.761280   141.093500     3.300000
    7.993310   141.093500     2.510000
    8.225340   141.093500     1.880000
    8.457370   141.093500     2.830000
    8.689400   141.093500     4.080000
    8.921430   141.093500     5.030000
    9.153460   141.093500     8.320000
    9.385490   141.093500    11.200000
    9.617520   141.093500    12.900000
    9.849550   141.093500    15.500000
   10.081580   141.093500    15.500000
   10.313610   141.093500    15.500000
   10.545640   141.093500    15.500000
   10.777670   141.093500    15.500000
   11.009700   141.093500    15.500000
   11.241730   141.093500    15.500000

    4.048800   143.831500    14.600000
    4.280830   143.831500     9.110000
    4.512860   143.831500     3.610000
    4.744890   143.831500     2.040000
    4.976920   143.831500     2.200000
    5.208950   143.831500     2.360000
    5.440980   143.831500     2.360000
    5.673010   143.831500     1.730000
    5.905040   143.831500     2.360000
    6.137070   143.831500     3.140000
    6.369100   143.831500     4.240000
    6.601130   143.831500     7.070000
    6.833160   143.831500     6.600000
    7.065190   143.831500     7.540000
    7.297220   143.831500     8.640000
    7.529250   143.831500     7.070000
    7.761280   143.831500     5.970000
    7.993310   143.831500     4.400000
    8.225340   143.831500     4.240000
    8.457370   143.831500     4.080000
    8.689400   143.831500     4.550000
    8.921430   143.831500     7.070000
    9.153460   143.831500     8.800000
    9.385490   143.831500    14.600000
    9.617520   143.831500    15.500000
    9.849550   143.831500    15.500000
   10.081580   143.831500    15.500000
   10.313610   143.831500    14.600000
   10.545640   143.831500    15.500000
   10.777670   143.831500    15.500000
   11.009700   143.831500    15.500000
   11.241730   143.831500    15.500000

    4.048800   146.569500    15.500000
    4.280830   146.569500     7.700000
    4.512860   146.569500     4.400000
    4.744890   146.569500     3.300000
    4.976920   146.569500     3.610000
    5.208950   146.569500     3.140000
    5.440980   146.569500     3.140000
    5.673010   146.569500     2.830000
    5.905040   146.569500     2.670000
    6.137070   146.569500     3.460000
    6.369100   146.569500     5.030000
    6.601130   146.569500     7.540000
    6.833160   146.569500     9.420000
    7.065190   146.569500     9.420000
    7.297220   146.569500     9.110000
    7.529250   146.569500     9.110000
    7.761280   146.569500     7.850000
    7.993310   146.569500     6.910000
    8.225340   146.569500     6.600000
    8.457370   146.569500     7.230000
    8.689400   146.569500     9.420000
    8.921430   146.569500     9.420000
    9.153460   146.569500    11.200000
    9.385490   146.569500    11.800000
    9.617520   146.569500    15.500000
    9.849550   146.569500    15.500000
   10.081580   146.569500    15.500000
   10.313610   146.569500    15.500000
   10.545640   146.569500    15.500000
   10.777670   146.569500    15.500000
   11.009700   146.569500    15.500000
   11.241730   146.569500    15.500000

    4.048800   149.307500    15.500000
    4.280830   149.307500     8.170000
    4.512860   149.307500     5.500000
    4.744890   149.307500     5.030000
    4.976920   149.307500     6.130000
    5.208950   149.307500     4.870000
    5.440980   149.307500     3.610000
    5.673010   149.307500     3.610000
    5.905040   149.307500     3.770000
    6.137070   149.307500     5.180000
    6.369100   149.307500     6.440000
    6.601130   149.307500     8.800000
    6.833160   149.307500    12.900000
    7.065190   149.307500    11.800000
    7.297220   149.307500    14.600000
    7.529250   149.307500    12.900000
    7.761280   149.307500    11.200000
    7.993310   149.307500    10.500000
    8.225340   149.307500    10.500000
    8.457370   149.307500    10.500000
    8.689400   149.307500    11.800000
    8.921430   149.307500    14.600000
    9.153460   149.307500    15.500000
    9.385490   149.307500    15.500000
    9.617520   149.307500    15.500000
    9.849550   149.307500    15.500000
   10.081580   149.307500    15.500000
   10.313610   149.307500    15.500000
   10.545640   149.307500    15.500000
   10.777670   149.307500    15.500000
   11.009700   149.307500    15.500000
   11.241730   149.307500    15.500000

    4.048800   152.045500    15.500000
    4.280830   152.045500     9.420000
    4.512860   152.045500     9.110000
    4.744890   152.045500     6.280000
    4.976920   152.045500     6.750000
    5.208950   152.045500     5.970000
    5.440980   152.045500     4.550000
    5.673010   152.045500     4.710000
    5.905040   152.045500     5.340000
    6.137070   152.045500     5.970000
    6.369100   152.045500     6.440000
    6.601130   152.045500    11.200000
    6.833160   152.045500    15.500000
    7.065190   152.045500    15.500000
    7.297220   152.045500    14.600000
    7.529250   152.045500    15.500000
    7.761280   152.045500    14.600000
    7.993310   152.045500    14.600000
    8.225340   152.045500    15.500000
    8.457370   152.045500    12.900000
    8.689400   152.045500    15.500000
    8.921430   152.045500    15.500000
    9.153460   152.045500    15.500000
    9.385490   152.045500    15.500000
    9.617520   152.045500    15.500000
    9.849550   152.045500    15.500000
   10.081580   152.045500    15.500000
   10.313610   152.045500    15.500000
   10.545640   152.045500    15.500000
   10.777670   152.045500    15.500000
   11.009700   152.045500    15.500000
   11.241730   152.045500    15.500000

    4.048800   154.783500    15.500000
    4.280830   154.783500    11.800000
    4.512860   154.783500     8.640000
    4.744890   154.783500     8.320000
    4.976920   154.783500     9.420000
    5.208950   154.783500     7.700000
    5.440980   154.783500     6.130000
    5.673010   154.783500     6.600000
    5.905040   154.783500     7.700000
    6.137070   154.783500     9.740000
    6.369100   154.783500     9.740000
    6.601130   154.783500    14.600000
    6.833160   154.783500    14.600000
    7.065190   154.783500    15.500000
    7.297220   154.783500    15.500000
    7.529250   154.783500    15.500000
    7.761280   154.783500    15.500000
    7.993310   154.783500    15.500000
    8.225340   154.783500    15.500000
    8.457370   154.783500    15.500000
    8.689400   154.783500    15.500000
    8.921430   154.783500    15.500000
    9.153460   154.783500    15.500000
    9.385490   154.783500    15.500000
    9.617520   154.783500    15.500000
    9.849550   154.783500    15.500000
   10.081580   154.783500    15.500000
   10.313610   154.783500    15.500000
   10.545640   154.783500    15.500000
   10.777670   154.783500    15.500000
   11.009700   154.783500    15.500000
   11.241730   154.783500    15.500000

    4.048800   157.521500    15.500000
    4.280830   157.521500    11.200000
    4.512860   157.521500    11.200000
    4.744890   157.521500     9.740000
    4.976920   157.521500     9.420000
    5.208950   157.521500    11.800000
    5.440980   157.521500    10.100000
    5.673010   157.521500     9.110000
    5.905040   157.521500    10.100000
    6.137070   157.521500    11.200000
    6.369100   157.521500    14.600000
    6.601130   157.521500    15.500000
    6.833160   157.521500    15.500000
    7.065190   157.521500    15.500000
    7.297220   157.521500    15.500000
    7.529250   157.521500    15.500000
    7.761280   157.521500    15.500000
    7.993310   157.521500    15.500000
    8.225340   157.521500    15.500000
    8.457370   157.521500    15.500000
    8.689400   157.521500    15.500000
    8.921430   157.521500    15.500000
    9.153460   157.521500    15.500000
    9.385490   157.521500    15.500000
    9.617520   157.521500    15.500000
    9.849550   157.521500    15.500000
   10.081580   157.521500    15.500000
   10.313610   157.521500    15.500000
   10.545640   157.521500    15.500000
   10.777670   157.521500    15.500000
   11.009700   157.521500    15.500000
   11.241730   157.521500    15.500000

    4.048800   160.259500    15.500000
    4.280830   160.259500    14.600000
    4.512860   160.259500    12.900000
    4.744890   160.259500    11.200000
    4.976920   160.259500    10.100000
    5.208950   160.259500    11.800000
    5.440980   160.259500    14.600000
    5.673010   160.259500    11.200000
    5.905040   160.259500    14.600000
    6.137070   160.259500    12.900000
    6.369100   160.259500    15.500000
    6.601130   160.259500    15.500000
    6.833160   160.259500    15.500000
    7.065190   160.259500    15.500000
    7.297220   160.259500    15.500000
    7.529250   160.259500    15.500000
    7.761280   160.259500    15.500000
    7.993310   160.259500    15.500000
    8.225340   160.259500    15.500000
    8.457370   160.259500    15.500000
    8.689400   160.259500    15.500000
    8.921430   160.259500    15.500000
    9.153460   160.259500    15.500000
    9.385490   160.259500    15.500000
    9.617520   160.259500    15.500000
    9.849550   160.259500    15.500000
   10.081580   160.259500    15.500000
   10.313610   160.259500    15.500000
   10.545640   160.259500    15.500000
   10.777670   160.259500    15.500000
   11.009700   160.259500    15.500000
   11.241730   160.259500    15.500000

    4.048800   162.997500    15.500000
    4.280830   162.997500    15.500000
    4.512860   162.997500    12.900000
    4.744890   162.997500    12.900000
    4.976920   162.997500    15.500000
    5.208950   162.997500    14.600000
    5.440980   162.997500    14.600000
    5.673010   162.997500    15.500000
    5.905040   162.997500    15.500000
    6.137070   162.997500    15.500000
    6.369100   162.997500    15.500000
    6.601130   162.997500    15.500000
    6.833160   162.997500    15.500000
    7.065190   162.997500    15.500000
    7.297220   162.997500    15.500000
    7.529250   162.997500    15.500000
    7.761280   162.997500    15.500000
    7.993310   162.997500    15.500000
    8.225340   162.997500    15.500000
    8.457370   162.997500    15.500000
    8.689400   162.997500    15.500000
    8.921430   162.997500    15.500000
    9.153460   162.997500    15.500000
    9.385490   162.997500    15.500000
    9.617520   162.997500    15.500000
    9.849550   162.997500    15.500000
   10.081580   162.997500    15.500000
   10.313610   162.997500    15.500000
   10.545640   162.997500    15.500000
   10.777670   162.997500    15.500000
   11.009700   162.997500    15.500000
   11.241730   162.997500    15.500000

